Count of work,218,821,93,cluster
2,226,819,91,c1
1,227,820,90,c3
26,202,795,64,c3
1,227,820,63,c3
18,210,803,45,c3
0,228,821,45,c1
1,227,820,44,c1
1,227,820,43,c1
1,227,820,42,c1
218,10,603,-176,c1
1,227,820,-177,c1
1,227,820,-178,c1
1,227,820,-179,c1
1,227,820,-180,c1
54,174,767,-234,c1
56,172,765,-290,c1
1,227,820,-291,c1
1,227,820,-292,c1
1,227,820,-293,c1
1,227,820,-294,c1
33,195,788,-327,c1
50,178,771,-377,c1
7,221,814,-384,c1
7,221,814,-391,c1
40,188,781,-431,c1
1,227,820,-432,c1
2,226,819,-434,c1
2,226,819,-436,c1
6,222,815,-442,c1
1,227,820,-443,c1
2,226,819,-445,c1
78,150,743,-523,c1
2,226,819,-525,c1
1,227,820,-526,c1
0,228,821,-526,c1
1,227,820,-527,c1
20,208,801,-547,c1
1,227,820,-548,c1
1,227,820,-549,c1
1,227,820,-550,c1
42,186,779,-592,c1
61,167,760,-653,c1
2,226,819,-655,c1
3,225,818,-658,c1
1,227,820,-659,c1
17,211,804,-676,c1
4,224,817,-680,c1
4,224,817,-684,c1
288,-60,533,-972,c1
2,226,819,-974,c1
62,166,759,-1036,c1
1,227,820,-1037,c1
1,227,820,-1038,c1
1,227,820,-1039,c1
72,156,749,-1111,c1
1,227,820,-1112,c1
3,225,818,-1115,c1
1,227,820,-1116,c1
1,227,820,-1117,c1
1,227,820,-1118,c1
11,217,810,-1129,c1
1,227,820,-1130,c1
2,226,819,-1132,c1
3,225,818,-1135,c1
3,225,818,-1138,c1
1,227,820,-1139,c1
2,226,819,-1141,c1
1,227,820,-1142,c1
3,225,818,-1145,c1
1,227,820,-1146,c1
1,227,820,-1147,c1
36,192,785,-1183,c1
2,226,819,-1185,c1
1,227,820,-1186,c1
3,225,818,-1189,c1
2,226,819,-1191,c1
7,221,814,-1198,c1
10,218,811,-1208,c1
1,227,820,-1209,c1
1,227,820,-1210,c1
198,30,623,-1408,c1
291,-63,530,-1699,c1
1,227,820,-1700,c1
6,222,815,-1706,c1
6,222,815,-1712,c1
1,227,820,-1713,c1
12,216,809,-1725,c1
1,227,820,-1726,c1
428,-200,393,-2154,c1
16,212,805,-2170,c1
5,223,816,-2175,c1
4,224,817,-2179,c1
2,226,819,-2181,c1
2,226,819,-2183,c1
4,224,817,-2187,c1
1,227,820,-2188,c1
3,225,818,-2191,c1
6,222,815,-2197,c1
7,221,814,-2204,c1
1,227,820,-2205,c1
1,227,820,-2206,c1
16,212,805,-2222,c1
1,227,820,-2223,c1
4,224,817,-2227,c1
1,227,820,-2228,c1
45,183,776,-2273,c1
10,218,811,-2283,c1
26,202,795,-2309,c1
60,168,761,-2369,c1
1,227,820,-2370,c1
6,222,815,-2376,c1
3,225,818,-2379,c1
1,227,820,-2380,c1
2,226,819,-2382,c1
20,208,801,-2402,c1
4,224,817,-2406,c1
1,227,820,-2407,c1
5,223,816,-2412,c1
1,227,820,-2413,c1
1,227,820,-2414,c1
2,226,819,-2416,c1
0,228,821,-2416,c1
5,223,816,-2421,c1
1,227,820,-2422,c1
15,213,806,-2437,c1
0,228,821,-2437,c1
2,226,819,-2439,c1
1,227,820,-2440,c1
1,227,820,-2441,c1
1,227,820,-2442,c1
0,228,821,-2442,c1
1,227,820,-2443,c1
3,225,818,-2446,c1
3,225,818,-2449,c1
2,226,819,-2451,c1
1,227,820,-2452,c1
1,227,820,-2453,c1
24,204,797,-2477,c1
1,227,820,-2478,c1
3,225,818,-2481,c1
2,226,819,-2483,c1
48,180,773,-2531,c1
2,226,819,-2533,c1
6,222,815,-2539,c1
1,227,820,-2540,c1
2,226,819,-2542,c1
16,212,805,-2558,c1
13,215,808,-2571,c1
109,119,712,-2680,c1
10,218,811,-2690,c1
1,227,820,-2691,c1
1,227,820,-2692,c1
16,212,805,-2708,c1
1,227,820,-2709,c1
1,227,820,-2710,c1
51,177,770,-2761,c1
1,227,820,-2762,c1
75,153,746,-2837,c1
1,227,820,-2838,c1
69,159,752,-2907,c1
79,149,742,-2986,c1
15,213,806,-3001,c1
26,202,795,-3027,c1
6,222,815,-3033,c1
15,213,806,-3048,c1
1,227,820,-3049,c1
17,211,804,-3066,c1
31,197,790,-3097,c1
83,145,738,-3180,c1
35,193,786,-3215,c1
2,226,819,-3217,c1
3,225,818,-3220,c1
0,228,821,-3220,c1
2,226,819,-3222,c1
4,224,817,-3226,c1
1,227,820,-3227,c1
1,227,820,-3228,c2
11,217,810,-3239,c1
30,198,791,-3269,c1
2,226,819,-3271,c1
1,227,820,-3272,c1
4,224,817,-3276,c1
2,226,819,-3278,c1
5,223,816,-3283,c1
3,225,818,-3286,c1
5050,-4822,-4229,-8336,c1
4,224,817,-8340,c1
3,225,818,-8343,c1
1,227,820,-8344,c1
1,227,820,-8345,c1
0,228,821,-8345,c1
19,209,802,-8364,c1
3,225,818,-8367,c1
8,220,813,-8375,c1
2,226,819,-8377,c1
5,223,816,-8382,c1
2,226,819,-8384,c1
1,227,820,-8385,c1
3,225,818,-8388,c1
1,227,820,-8389,c1
14,214,807,-8403,c1
1,227,820,-8404,c1
76,152,745,-8480,c1
1,227,820,-8481,c1
8,220,813,-8489,c1
1,227,820,-8490,c1
1,227,820,-8491,c1
7,221,814,-8498,c1
91,137,730,-8589,c1
9,219,812,-8598,c1
1,227,820,-8599,c1
19,209,802,-8618,c1
3,225,818,-8621,c1
6,222,815,-8627,c1
2,226,819,-8629,c1
3,225,818,-8632,c1
4,224,817,-8636,c1
19,209,802,-8655,c1
2,226,819,-8657,c1
1,227,820,-8658,c1
1,227,820,-8659,c1
1,227,820,-8660,c1
1,227,820,-8661,c1
1,227,820,-8662,c1
5,223,816,-8667,c1
37,191,784,-8704,c1
1,227,820,-8705,c1
1,227,820,-8706,c1
1,227,820,-8707,c1
33,195,788,-8740,c1
12,216,809,-8752,c1
28,200,793,-8780,c1
36,192,785,-8816,c1
1,227,820,-8817,c1
2,226,819,-8819,c1
1,227,820,-8820,c1
2,226,819,-8822,c1
1,227,820,-8823,c1
2,226,819,-8825,c1
3,225,818,-8828,c1
3,225,818,-8831,c1
2,226,819,-8833,c1
1,227,820,-8834,c1
53,175,768,-8887,c1
0,228,821,-8887,c1
1,227,820,-8888,c1
1,227,820,-8889,c1
1,227,820,-8890,c1
4,224,817,-8894,c1
1,227,820,-8895,c1
1,227,820,-8896,c1
23,205,798,-8919,c1
70,158,751,-8989,c1
2,226,819,-8991,c1
1,227,820,-8992,c1
11,217,810,-9003,c1
1,227,820,-9004,c1
1,227,820,-9005,c1
11,217,810,-9016,c1
8,220,813,-9024,c1
4,224,817,-9028,c1
1,227,820,-9029,c1
1,227,820,-9030,c1
12,216,809,-9042,c1
36,192,785,-9078,c1
3,225,818,-9081,c1
1,227,820,-9082,c1
1,227,820,-9083,c1
10,218,811,-9093,c1
3,225,818,-9096,c1
2,226,819,-9098,c1
1,227,820,-9099,c1
8,220,813,-9107,c1
2,226,819,-9109,c1
1,227,820,-9110,c1
1,227,820,-9111,c1
1,227,820,-9112,c1
1,227,820,-9113,c1
2,226,819,-9115,c1
100,128,721,-9215,c1
65,163,756,-9280,c1
1,227,820,-9281,c1
1,227,820,-9282,c1
1,227,820,-9283,c1
18,210,803,-9301,c1
20,208,801,-9321,c1
4,224,817,-9325,c1
1,227,820,-9326,c1
2,226,819,-9328,c1
2,226,819,-9330,c1
1,227,820,-9331,c1
3,225,818,-9334,c1
1,227,820,-9335,c1
36,192,785,-9371,c1
1,227,820,-9372,c1
1,227,820,-9373,c1
2,226,819,-9375,c1
1,227,820,-9376,c1
26,202,795,-9402,c1
1,227,820,-9403,c1
1,227,820,-9404,c1
5,223,816,-9409,c1
2,226,819,-9411,c1
2,226,819,-9413,c1
1,227,820,-9414,c1
0,228,821,-9414,c1
0,228,821,-9414,c1
138,90,683,-9552,c1
1,227,820,-9553,c1
263,-35,558,-9816,c1
11,217,810,-9827,c1
5,223,816,-9832,c1
10,218,811,-9842,c1
1,227,820,-9843,c1
13,215,808,-9856,c1
1,227,820,-9857,c1
1,227,820,-9858,c1
1,227,820,-9859,c1
2,226,819,-9861,c1
10,218,811,-9871,c1
1,227,820,-9872,c1
2,226,819,-9874,c1
1,227,820,-9875,c1
1,227,820,-9876,c1
5,223,816,-9881,c1
1,227,820,-9882,c1
1,227,820,-9883,c1
6,222,815,-9889,c1
48,180,773,-9937,c1
4,224,817,-9941,c1
1,227,820,-9942,c1
6,222,815,-9948,c1
2,226,819,-9950,c1
27,201,794,-9977,c1
165,63,656,-10142,c1
2,226,819,-10144,c1
11,217,810,-10155,c1
2,226,819,-10157,c1
1,227,820,-10158,c1
1,227,820,-10159,c1
4,224,817,-10163,c1
3,225,818,-10166,c1
4,224,817,-10170,c1
14,214,807,-10184,c1
17,211,804,-10201,c1
22,206,799,-10223,c1
3,225,818,-10226,c1
1,227,820,-10227,c1
93,135,728,-10320,c1
4,224,817,-10324,c1
2,226,819,-10326,c1
25,203,796,-10351,c1
1,227,820,-10352,c1
0,228,821,-10352,c1
1,227,820,-10353,c1
7,221,814,-10360,c1
1,227,820,-10361,c1
0,228,821,-10361,c1
5,223,816,-10366,c1
220,8,601,-10586,c1
28,200,793,-10614,c1
6,222,815,-10620,c1
1,227,820,-10621,c1
3,225,818,-10624,c1
1,227,820,-10625,c1
1,227,820,-10626,c1
13,215,808,-10639,c1
2,226,819,-10641,c1
1,227,820,-10642,c1
1,227,820,-10643,c1
2,226,819,-10645,c1
1,227,820,-10646,c1
9,219,812,-10655,c1
4,224,817,-10659,c1
1,227,820,-10660,c1
0,228,821,-10660,c1
3,225,818,-10663,c1
18,210,803,-10681,c1
3,225,818,-10684,c1
27,201,794,-10711,c1
58,170,763,-10769,c1
51,177,770,-10820,c1
10,218,811,-10830,c1
1,227,820,-10831,c1
2,226,819,-10833,c1
2,226,819,-10835,c1
2,226,819,-10837,c1
1,227,820,-10838,c1
1,227,820,-10839,c1
20,208,801,-10859,c1
2,226,819,-10861,c1
2,226,819,-10863,c1
1,227,820,-10864,c1
2,226,819,-10866,c1
28,200,793,-10894,c1
1,227,820,-10895,c1
17,211,804,-10912,c1
55,173,766,-10967,c1
7,221,814,-10974,c1
2,226,819,-10976,c1
2,226,819,-10978,c1
13,215,808,-10991,c1
14,214,807,-11005,c1
1,227,820,-11006,c1
2,226,819,-11008,c1
8,220,813,-11016,c1
23,205,798,-11039,c1
1,227,820,-11040,c1
78,150,743,-11118,c1
1,227,820,-11119,c1
1,227,820,-11120,c1
1,227,820,-11121,c1
1,227,820,-11122,c1
1,227,820,-11123,c1
1,227,820,-11124,c1
2,226,819,-11126,c1
0,228,821,-11126,c1
1,227,820,-11127,c1
1,227,820,-11128,c1
10,218,811,-11138,c2
102,126,719,-11240,c1
2,226,819,-11242,c1
1,227,820,-11243,c1
4,224,817,-11247,c1
20,208,801,-11267,c1
2,226,819,-11269,c1
3,225,818,-11272,c1
4,224,817,-11276,c1
630,-402,191,-11906,c1
4,224,817,-11910,c1
1,227,820,-11911,c1
1,227,820,-11912,c1
12,216,809,-11924,c1
4,224,817,-11928,c1
9,219,812,-11937,c1
3,225,818,-11940,c1
2,226,819,-11942,c1
1,227,820,-11943,c1
2,226,819,-11945,c1
2,226,819,-11947,c1
2,226,819,-11949,c1
2,226,819,-11951,c1
2,226,819,-11953,c1
2,226,819,-11955,c1
35,193,786,-11990,c1
1,227,820,-11991,c1
7,221,814,-11998,c1
11,217,810,-12009,c1
1,227,820,-12010,c1
2,226,819,-12012,c1
3,225,818,-12015,c1
1,227,820,-12016,c1
2,226,819,-12018,c1
4,224,817,-12022,c1
1,227,820,-12023,c1
95,133,726,-12118,c1
1,227,820,-12119,c1
324,-96,497,-12443,c1
7,221,814,-12450,c1
2,226,819,-12452,c1
1,227,820,-12453,c1
5,223,816,-12458,c1
1,227,820,-12459,c1
1,227,820,-12460,c1
1,227,820,-12461,c1
2,226,819,-12463,c1
5,223,816,-12468,c1
2,226,819,-12470,c1
3,225,818,-12473,c1
9,219,812,-12482,c1
2,226,819,-12484,c1
40,188,781,-12524,c1
7,221,814,-12531,c1
104,124,717,-12635,c1
4,224,817,-12639,c1
3,225,818,-12642,c1
3,225,818,-12645,c1
9,219,812,-12654,c1
5,223,816,-12659,c1
1,227,820,-12660,c1
10,218,811,-12670,c1
3,225,818,-12673,c1
1,227,820,-12674,c1
1,227,820,-12675,c1
1,227,820,-12676,c1
8,220,813,-12684,c1
2,226,819,-12686,c1
2,226,819,-12688,c1
0,228,821,-12688,c1
0,228,821,-12688,c1
3,225,818,-12691,c1
1,227,820,-12692,c1
2,226,819,-12694,c1
2,226,819,-12696,c1
1,227,820,-12697,c1
1,227,820,-12698,c1
5,223,816,-12703,c1
2,226,819,-12705,c1
3,225,818,-12708,c1
2,226,819,-12710,c1
15,213,806,-12725,c1
13,215,808,-12738,c1
5,223,816,-12743,c1
1,227,820,-12744,c1
23,205,798,-12767,c1
1,227,820,-12768,c1
2,226,819,-12770,c1
1,227,820,-12771,c1
4,224,817,-12775,c1
2,226,819,-12777,c1
1,227,820,-12778,c1
1,227,820,-12779,c1
4,224,817,-12783,c1
3,225,818,-12786,c1
1,227,820,-12787,c1
37,191,784,-12824,c1
15,213,806,-12839,c1
2,226,819,-12841,c1
1,227,820,-12842,c1
1,227,820,-12843,c1
2,226,819,-12845,c1
6,222,815,-12851,c1
1,227,820,-12852,c1
0,228,821,-12852,c1
1,227,820,-12853,c1
18,210,803,-12871,c1
3,225,818,-12874,c1
1,227,820,-12875,c1
20,208,801,-12895,c1
50,178,771,-12945,c1
2,226,819,-12947,c1
2,226,819,-12949,c1
283,-55,538,-13232,c1
5,223,816,-13237,c1
16,212,805,-13253,c1
1,227,820,-13254,c1
2,226,819,-13256,c1
18,210,803,-13274,c1
3,225,818,-13277,c1
6,222,815,-13283,c1
3,225,818,-13286,c1
1,227,820,-13287,c1
34,194,787,-13321,c1
1,227,820,-13322,c1
1,227,820,-13323,c1
1,227,820,-13324,c1
1,227,820,-13325,c1
2,226,819,-13327,c1
1,227,820,-13328,c1
39,189,782,-13367,c1
7,221,814,-13374,c1
297,-69,524,-13671,c1
10,218,811,-13681,c1
1,227,820,-13682,c1
2,226,819,-13684,c1
1,227,820,-13685,c1
0,228,821,-13685,c2
3,225,818,-13688,c1
1,227,820,-13689,c1
0,228,821,-13689,c1
4,224,817,-13693,c1
1,227,820,-13694,c1
1,227,820,-13695,c1
1,227,820,-13696,c1
4,224,817,-13700,c1
901,-673,-80,-14601,c1
5,223,816,-14606,c1
1,227,820,-14607,c1
2,226,819,-14609,c1
54,174,767,-14663,c1
1,227,820,-14664,c1
4,224,817,-14668,c1
1,227,820,-14669,c1
11,217,810,-14680,c1
2,226,819,-14682,c1
1,227,820,-14683,c1
1,227,820,-14684,c1
1,227,820,-14685,c1
11,217,810,-14696,c1
5,223,816,-14701,c1
1,227,820,-14702,c1
18,210,803,-14720,c1
1,227,820,-14721,c1
1,227,820,-14722,c1
49,179,772,-14771,c1
0,228,821,-14771,c1
2,226,819,-14773,c1
1,227,820,-14774,c1
4,224,817,-14778,c1
1,227,820,-14779,c1
34,194,787,-14813,c1
3,225,818,-14816,c1
5,223,816,-14821,c1
3,225,818,-14824,c2
1,227,820,-14825,c1
1,227,820,-14826,c1
3,225,818,-14829,c1
3,225,818,-14832,c1
1,227,820,-14833,c1
1,227,820,-14834,c1
7,221,814,-14841,c1
4,224,817,-14845,c1
3336,-3108,-2515,-18181,c1
7,221,814,-18188,c1
65,163,756,-18253,c1
2,226,819,-18255,c1
3,225,818,-18258,c1
1,227,820,-18259,c1
1,227,820,-18260,c1
1,227,820,-18261,c1
2,226,819,-18263,c1
1,227,820,-18264,c1
0,228,821,-18264,c1
2,226,819,-18266,c1
1,227,820,-18267,c1
41,187,780,-18308,c1
16,212,805,-18324,c1
4,224,817,-18328,c1
1,227,820,-18329,c1
1,227,820,-18330,c1
1,227,820,-18331,c1
0,228,821,-18331,c1
9,219,812,-18340,c1
2,226,819,-18342,c1
58,170,763,-18400,c1
6,222,815,-18406,c1
3,225,818,-18409,c1
33,195,788,-18442,c1
7,221,814,-18449,c1
105,123,716,-18554,c1
17,211,804,-18571,c1
0,228,821,-18571,c1
1,227,820,-18572,c1
176,52,645,-18748,c1
112,116,709,-18860,c1
1,227,820,-18861,c1
8,220,813,-18869,c1
6,222,815,-18875,c1
2,226,819,-18877,c1
11,217,810,-18888,c1
2,226,819,-18890,c1
3,225,818,-18893,c1
1,227,820,-18894,c1
223,5,598,-19117,c1
5,223,816,-19122,c1
3,225,818,-19125,c1
1,227,820,-19126,c1
10,218,811,-19136,c1
1,227,820,-19137,c1
9,219,812,-19146,c1
1,227,820,-19147,c1
8,220,813,-19155,c1
1,227,820,-19156,c1
13,215,808,-19169,c1
5,223,816,-19174,c1
30,198,791,-19204,c1
30,198,791,-19234,c1
2,226,819,-19236,c1
5,223,816,-19241,c1
1,227,820,-19242,c1
1,227,820,-19243,c1
3,225,818,-19246,c1
2,226,819,-19248,c1
2,226,819,-19250,c1
1,227,820,-19251,c1
3,225,818,-19254,c1
1,227,820,-19255,c1
0,228,821,-19255,c1
2,226,819,-19257,c1
1,227,820,-19258,c1
12,216,809,-19270,c1
0,228,821,-19270,c1
4,224,817,-19274,c1
0,228,821,-19274,c1
2,226,819,-19276,c1
1,227,820,-19277,c1
5,223,816,-19282,c1
92,136,729,-19374,c1
8,220,813,-19382,c1
2,226,819,-19384,c1
5,223,816,-19389,c1
1,227,820,-19390,c1
1,227,820,-19391,c1
1,227,820,-19392,c1
6,222,815,-19398,c1
4,224,817,-19402,c1
1,227,820,-19403,c1
1,227,820,-19404,c1
62,166,759,-19466,c1
2,226,819,-19468,c1
1,227,820,-19469,c1
0,228,821,-19469,c1
1,227,820,-19470,c1
25,203,796,-19495,c1
3,225,818,-19498,c1
1,227,820,-19499,c1
77,151,744,-19576,c1
3,225,818,-19579,c1
2,226,819,-19581,c1
21,207,800,-19602,c1
1,227,820,-19603,c1
1,227,820,-19604,c1
6,222,815,-19610,c1
8,220,813,-19618,c1
2,226,819,-19620,c1
29,199,792,-19649,c1
3,225,818,-19652,c1
4,224,817,-19656,c1
1,227,820,-19657,c1
1,227,820,-19658,c1
0,228,821,-19658,c1
42,186,779,-19700,c1
7,221,814,-19707,c1
2,226,819,-19709,c1
1,227,820,-19710,c1
6,222,815,-19716,c1
1,227,820,-19717,c1
12,216,809,-19729,c1
22,206,799,-19751,c1
1,227,820,-19752,c1
1,227,820,-19753,c1
3,225,818,-19756,c1
4,224,817,-19760,c1
2,226,819,-19762,c1
11,217,810,-19773,c1
4,224,817,-19777,c1
1,227,820,-19778,c1
3,225,818,-19781,c1
4,224,817,-19785,c1
42,186,779,-19827,c1
1,227,820,-19828,c1
3,225,818,-19831,c1
4,224,817,-19835,c1
1,227,820,-19836,c1
1,227,820,-19837,c1
25,203,796,-19862,c1
40,188,781,-19902,c1
2,226,819,-19904,c1
18,210,803,-19922,c1
1,227,820,-19923,c1
1,227,820,-19924,c1
1,227,820,-19925,c1
1,227,820,-19926,c1
41,187,780,-19967,c1
13,215,808,-19980,c1
56,172,765,-20036,c1
51,177,770,-20087,c1
4,224,817,-20091,c1
3,225,818,-20094,c1
3,225,818,-20097,c1
1,227,820,-20098,c1
88,140,733,-20186,c1
3,225,818,-20189,c1
1,227,820,-20190,c1
1,227,820,-20191,c1
2,226,819,-20193,c1
13,215,808,-20206,c1
16,212,805,-20222,c1
6,222,815,-20228,c1
3,225,818,-20231,c1
5,223,816,-20236,c1
46,182,775,-20282,c1
1,227,820,-20283,c1
7,221,814,-20290,c1
3,225,818,-20293,c1
8,220,813,-20301,c1
2,226,819,-20303,c1
1,227,820,-20304,c1
12,216,809,-20316,c1
1,227,820,-20317,c1
18,210,803,-20335,c1
1,227,820,-20336,c1
1,227,820,-20337,c1
3,225,818,-20340,c1
1,227,820,-20341,c1
39,189,782,-20380,c1
0,228,821,-20380,c1
5,223,816,-20385,c1
66,162,755,-20451,c1
3,225,818,-20454,c1
2,226,819,-20456,c1
1,227,820,-20457,c1
1,227,820,-20458,c1
1,227,820,-20459,c1
1,227,820,-20460,c1
0,228,821,-20460,c1
1,227,820,-20461,c1
1,227,820,-20462,c1
293,-65,528,-20755,c1
0,228,821,-20755,c1
247,-19,574,-21002,c1
1,227,820,-21003,c1
2,226,819,-21005,c1
1,227,820,-21006,c1
3,225,818,-21009,c1
17,211,804,-21026,c1
1,227,820,-21027,c1
45,183,776,-21072,c1
2,226,819,-21074,c1
1,227,820,-21075,c1
2,226,819,-21077,c1
13,215,808,-21090,c1
2,226,819,-21092,c1
37,191,784,-21129,c1
7,221,814,-21136,c1
4,224,817,-21140,c1
2,226,819,-21142,c1
20,208,801,-21162,c1
1,227,820,-21163,c1
1,227,820,-21164,c1
7,221,814,-21171,c1
29,199,792,-21200,c1
1,227,820,-21201,c1
1,227,820,-21202,c1
4,224,817,-21206,c1
6,222,815,-21212,c1
1,227,820,-21213,c1
1,227,820,-21214,c1
181,47,640,-21395,c1
4,224,817,-21399,c1
22,206,799,-21421,c1
6,222,815,-21427,c1
13,215,808,-21440,c1
1,227,820,-21441,c1
3,225,818,-21444,c1
1,227,820,-21445,c1
4,224,817,-21449,c1
2,226,819,-21451,c1
1,227,820,-21452,c1
8,220,813,-21460,c1
1,227,820,-21461,c1
1,227,820,-21462,c1
1,227,820,-21463,c1
1,227,820,-21464,c1
7,221,814,-21471,c1
1,227,820,-21472,c1
18,210,803,-21490,c1
2,226,819,-21492,c1
4,224,817,-21496,c1
4,224,817,-21500,c1
1,227,820,-21501,c1
7,221,814,-21508,c1
2,226,819,-21510,c1
1,227,820,-21511,c1
6,222,815,-21517,c1
2,226,819,-21519,c1
5,223,816,-21524,c1
4,224,817,-21528,c1
2,226,819,-21530,c1
1,227,820,-21531,c1
1,227,820,-21532,c1
306,-78,515,-21838,c1
2,226,819,-21840,c1
47,181,774,-21887,c1
4,224,817,-21891,c1
1,227,820,-21892,c1
1,227,820,-21893,c1
1,227,820,-21894,c1
1,227,820,-21895,c1
1,227,820,-21896,c1
11,217,810,-21907,c1
6,222,815,-21913,c1
53,175,768,-21966,c1
3,225,818,-21969,c1
1,227,820,-21970,c1
1,227,820,-21971,c1
1,227,820,-21972,c1
1,227,820,-21973,c1
1,227,820,-21974,c1
1,227,820,-21975,c1
3,225,818,-21978,c1
16,212,805,-21994,c1
8,220,813,-22002,c1
0,228,821,-22002,c1
1,227,820,-22003,c1
2,226,819,-22005,c1
1,227,820,-22006,c1
1,227,820,-22007,c1
0,228,821,-22007,c1
22,206,799,-22029,c1
1,227,820,-22030,c1
38,190,783,-22068,c1
1,227,820,-22069,c1
7,221,814,-22076,c1
1,227,820,-22077,c1
1,227,820,-22078,c1
1,227,820,-22079,c2
1,227,820,-22080,c1
2,226,819,-22082,c1
56,172,765,-22138,c1
1,227,820,-22139,c1
1,227,820,-22140,c1
8,220,813,-22148,c1
24,204,797,-22172,c1
8,220,813,-22180,c1
1161,-933,-340,-23341,c1
1,227,820,-23342,c1
2,226,819,-23344,c1
8,220,813,-23352,c1
1,227,820,-23353,c1
8,220,813,-23361,c1
33,195,788,-23394,c1
16,212,805,-23410,c1
4,224,817,-23414,c1
1,227,820,-23415,c1
21,207,800,-23436,c1
8,220,813,-23444,c1
1,227,820,-23445,c1
7,221,814,-23452,c1
6,222,815,-23458,c1
116,112,705,-23574,c1
6,222,815,-23580,c1
1,227,820,-23581,c1
90,138,731,-23671,c1
1,227,820,-23672,c1
33,195,788,-23705,c1
1,227,820,-23706,c1
1,227,820,-23707,c1
18,210,803,-23725,c1
4,224,817,-23729,c1
1,227,820,-23730,c1
175,53,646,-23905,c1
1,227,820,-23906,c1
2,226,819,-23908,c1
19,209,802,-23927,c1
2,226,819,-23929,c1
1,227,820,-23930,c1
5,223,816,-23935,c1
1,227,820,-23936,c1
2,226,819,-23938,c1
30,198,791,-23968,c1
5,223,816,-23973,c1
110,118,711,-24083,c1
1,227,820,-24084,c1
1,227,820,-24085,c1
1,227,820,-24086,c1
2,226,819,-24088,c1
1,227,820,-24089,c1
20,208,801,-24109,c1
2,226,819,-24111,c1
35,193,786,-24146,c1
8,220,813,-24154,c1
2,226,819,-24156,c1
74,154,747,-24230,c1
1,227,820,-24231,c1
2,226,819,-24233,c1
16,212,805,-24249,c1
1,227,820,-24250,c1
2,226,819,-24252,c1
27,201,794,-24279,c1
1,227,820,-24280,c1
1,227,820,-24281,c1
5,223,816,-24286,c1
5,223,816,-24291,c1
2,226,819,-24293,c1
27,201,794,-24320,c1
4,224,817,-24324,c1
1,227,820,-24325,c1
1,227,820,-24326,c1
16,212,805,-24342,c1
6,222,815,-24348,c1
1,227,820,-24349,c1
1,227,820,-24350,c1
1,227,820,-24351,c1
1,227,820,-24352,c1
1,227,820,-24353,c1
82,146,739,-24435,c1
23,205,798,-24458,c1
1,227,820,-24459,c1
2,226,819,-24461,c1
2,226,819,-24463,c1
1,227,820,-24464,c1
13,215,808,-24477,c1
2,226,819,-24479,c1
3,225,818,-24482,c1
50,178,771,-24532,c1
1,227,820,-24533,c1
1,227,820,-24534,c1
5,223,816,-24539,c1
2,226,819,-24541,c1
2,226,819,-24543,c1
1,227,820,-24544,c1
9,219,812,-24553,c1
50,178,771,-24603,c1
1,227,820,-24604,c1
8,220,813,-24612,c1
6,222,815,-24618,c1
2,226,819,-24620,c1
15,213,806,-24635,c1
2,226,819,-24637,c1
1,227,820,-24638,c1
31,197,790,-24669,c1
1,227,820,-24670,c1
10,218,811,-24680,c1
1,227,820,-24681,c1
1,227,820,-24682,c1
2,226,819,-24684,c1
1,227,820,-24685,c1
17,211,804,-24702,c1
1,227,820,-24703,c1
13,215,808,-24716,c1
10,218,811,-24726,c1
3,225,818,-24729,c1
1,227,820,-24730,c1
1,227,820,-24731,c1
0,228,821,-24731,c1
1,227,820,-24732,c1
42,186,779,-24774,c1
4,224,817,-24778,c1
7,221,814,-24785,c1
1,227,820,-24786,c1
14,214,807,-24800,c1
1,227,820,-24801,c1
27,201,794,-24828,c1
9,219,812,-24837,c1
32,196,789,-24869,c1
1,227,820,-24870,c1
2,226,819,-24872,c1
1,227,820,-24873,c1
1,227,820,-24874,c1
1,227,820,-24875,c1
2,226,819,-24877,c1
1,227,820,-24878,c1
12,216,809,-24890,c1
1,227,820,-24891,c1
2,226,819,-24893,c1
1,227,820,-24894,c1
58,170,763,-24952,c1
4,224,817,-24956,c1
4,224,817,-24960,c1
1,227,820,-24961,c1
15,213,806,-24976,c1
1,227,820,-24977,c1
2,226,819,-24979,c1
16,212,805,-24995,c1
14,214,807,-25009,c1
8,220,813,-25017,c1
6,222,815,-25023,c1
1,227,820,-25024,c1
9,219,812,-25033,c1
4,224,817,-25037,c1
2,226,819,-25039,c1
4,224,817,-25043,c1
8,220,813,-25051,c1
24,204,797,-25075,c1
19,209,802,-25094,c1
1,227,820,-25095,c1
3,225,818,-25098,c1
1,227,820,-25099,c1
1,227,820,-25100,c1
189,39,632,-25289,c1
1,227,820,-25290,c1
6,222,815,-25296,c1
20,208,801,-25316,c1
15,213,806,-25331,c1
1,227,820,-25332,c1
1,227,820,-25333,c1
2,226,819,-25335,c1
1,227,820,-25336,c1
2,226,819,-25338,c1
1,227,820,-25339,c1
3,225,818,-25342,c1
4,224,817,-25346,c1
3,225,818,-25349,c1
1,227,820,-25350,c1
2,226,819,-25352,c1
1,227,820,-25353,c1
1,227,820,-25354,c1
1,227,820,-25355,c1
4,224,817,-25359,c1
2,226,819,-25361,c1
11,217,810,-25372,c1
1,227,820,-25373,c1
2,226,819,-25375,c1
1,227,820,-25376,c1
6,222,815,-25382,c1
1,227,820,-25383,c1
8,220,813,-25391,c1
24,204,797,-25415,c1
13,215,808,-25428,c1
2,226,819,-25430,c1
1,227,820,-25431,c1
1,227,820,-25432,c1
1,227,820,-25433,c1
7,221,814,-25440,c1
1,227,820,-25441,c1
1,227,820,-25442,c1
5,223,816,-25447,c1
3,225,818,-25450,c1
4,224,817,-25454,c1
1,227,820,-25455,c1
1,227,820,-25456,c1
1,227,820,-25457,c1
1,227,820,-25458,c1
71,157,750,-25529,c1
1,227,820,-25530,c1
5,223,816,-25535,c1
12,216,809,-25547,c1
18,210,803,-25565,c1
1,227,820,-25566,c1
16,212,805,-25582,c1
1,227,820,-25583,c1
3,225,818,-25586,c1
1,227,820,-25587,c1
2,226,819,-25589,c1
15,213,806,-25604,c1
1,227,820,-25605,c1
0,228,821,-25605,c1
2,226,819,-25607,c1
7,221,814,-25614,c1
3,225,818,-25617,c1
8,220,813,-25625,c1
2,226,819,-25627,c1
7,221,814,-25634,c1
3,225,818,-25637,c1
18,210,803,-25655,c1
1,227,820,-25656,c1
14,214,807,-25670,c1
1,227,820,-25671,c1
8,220,813,-25679,c1
79,149,742,-25758,c1
1,227,820,-25759,c1
1,227,820,-25760,c1
2,226,819,-25762,c1
64,164,757,-25826,c1
2,226,819,-25828,c1
43,185,778,-25871,c1
1,227,820,-25872,c1
1,227,820,-25873,c1
1,227,820,-25874,c1
2,226,819,-25876,c1
2,226,819,-25878,c1
2,226,819,-25880,c1
2,226,819,-25882,c1
1,227,820,-25883,c1
19,209,802,-25902,c1
2,226,819,-25904,c1
1,227,820,-25905,c1
4,224,817,-25909,c1
2,226,819,-25911,c1
11,217,810,-25922,c1
28,200,793,-25950,c1
2,226,819,-25952,c1
3,225,818,-25955,c1
2,226,819,-25957,c1
8,220,813,-25965,c1
10,218,811,-25975,c1
2,226,819,-25977,c1
1,227,820,-25978,c1
1,227,820,-25979,c1
112,116,709,-26091,c1
1,227,820,-26092,c1
1,227,820,-26093,c1
1,227,820,-26094,c1
1,227,820,-26095,c1
2,226,819,-26097,c1
1,227,820,-26098,c1
1,227,820,-26099,c1
1,227,820,-26100,c1
15,213,806,-26115,c1
1,227,820,-26116,c1
2,226,819,-26118,c1
1,227,820,-26119,c1
2,226,819,-26121,c1
74,154,747,-26195,c1
1,227,820,-26196,c1
1,227,820,-26197,c1
2,226,819,-26199,c1
2,226,819,-26201,c1
2,226,819,-26203,c1
1,227,820,-26204,c1
3,225,818,-26207,c1
22,206,799,-26229,c1
2,226,819,-26231,c1
1,227,820,-26232,c1
2,226,819,-26234,c1
3,225,818,-26237,c1
1,227,820,-26238,c1
1,227,820,-26239,c1
2,226,819,-26241,c1
2,226,819,-26243,c1
98,130,723,-26341,c1
1,227,820,-26342,c1
5,223,816,-26347,c1
83,145,738,-26430,c1
4,224,817,-26434,c1
1,227,820,-26435,c1
2,226,819,-26437,c1
4,224,817,-26441,c1
8,220,813,-26449,c1
2,226,819,-26451,c1
2,226,819,-26453,c1
1,227,820,-26454,c1
4,224,817,-26458,c1
26,202,795,-26484,c1
7,221,814,-26491,c1
1,227,820,-26492,c1
1,227,820,-26493,c1
2,226,819,-26495,c1
2,226,819,-26497,c1
1,227,820,-26498,c1
1,227,820,-26499,c1
1,227,820,-26500,c1
20,208,801,-26520,c1
3,225,818,-26523,c1
1,227,820,-26524,c1
1,227,820,-26525,c1
1,227,820,-26526,c1
5,223,816,-26531,c1
2,226,819,-26533,c1
4,224,817,-26537,c1
2,226,819,-26539,c1
2,226,819,-26541,c1
10,218,811,-26551,c1
13,215,808,-26564,c1
1,227,820,-26565,c1
1,227,820,-26566,c1
0,228,821,-26566,c1
2,226,819,-26568,c1
11,217,810,-26579,c1
2,226,819,-26581,c1
11,217,810,-26592,c1
9,219,812,-26601,c1
28,200,793,-26629,c1
2,226,819,-26631,c1
1,227,820,-26632,c1
1,227,820,-26633,c1
41,187,780,-26674,c1
1,227,820,-26675,c1
22,206,799,-26697,c1
1,227,820,-26698,c1
9,219,812,-26707,c1
1,227,820,-26708,c1
1,227,820,-26709,c1
3,225,818,-26712,c1
0,228,821,-26712,c1
1,227,820,-26713,c1
6,222,815,-26719,c1
12,216,809,-26731,c1
13,215,808,-26744,c1
19,209,802,-26763,c1
1,227,820,-26764,c1
2,226,819,-26766,c1
4,224,817,-26770,c1
2,226,819,-26772,c1
0,228,821,-26772,c1
19,209,802,-26791,c1
6,222,815,-26797,c1
1,227,820,-26798,c1
3,225,818,-26801,c1
52,176,769,-26853,c1
55,173,766,-26908,c1
1,227,820,-26909,c1
1,227,820,-26910,c1
2,226,819,-26912,c1
79,149,742,-26991,c1
1,227,820,-26992,c1
11,217,810,-27003,c1
1,227,820,-27004,c1
1,227,820,-27005,c1
14,214,807,-27019,c2
22,206,799,-27041,c1
504,-276,317,-27545,c1
1,227,820,-27546,c1
1,227,820,-27547,c1
4,224,817,-27551,c1
0,228,821,-27551,c1
9,219,812,-27560,c1
1,227,820,-27561,c1
571,-343,250,-28132,c1
1,227,820,-28133,c1
2,226,819,-28135,c1
1,227,820,-28136,c1
2,226,819,-28138,c1
1,227,820,-28139,c1
2,226,819,-28141,c1
7,221,814,-28148,c1
2,226,819,-28150,c1
109,119,712,-28259,c1
12,216,809,-28271,c1
1,227,820,-28272,c1
1,227,820,-28273,c1
1,227,820,-28274,c1
3,225,818,-28277,c1
19,209,802,-28296,c1
52,176,769,-28348,c1
1,227,820,-28349,c1
1,227,820,-28350,c1
1,227,820,-28351,c1
1,227,820,-28352,c1
2,226,819,-28354,c1
1,227,820,-28355,c1
1,227,820,-28356,c1
5,223,816,-28361,c1
4,224,817,-28365,c1
2,226,819,-28367,c1
1,227,820,-28368,c1
427,-199,394,-28795,c1
1,227,820,-28796,c1
2,226,819,-28798,c1
3,225,818,-28801,c1
5,223,816,-28806,c1
3,225,818,-28809,c1
39,189,782,-28848,c1
1,227,820,-28849,c1
2,226,819,-28851,c1
1,227,820,-28852,c1
1,227,820,-28853,c1
1,227,820,-28854,c1
2,226,819,-28856,c1
6,222,815,-28862,c1
402,-174,419,-29264,c1
3,225,818,-29267,c1
3,225,818,-29270,c1
3,225,818,-29273,c1
15,213,806,-29288,c1
5,223,816,-29293,c1
1,227,820,-29294,c1
4,224,817,-29298,c1
4,224,817,-29302,c1
8,220,813,-29310,c1
92,136,729,-29402,c1
1,227,820,-29403,c1
1,227,820,-29404,c1
1,227,820,-29405,c1
2,226,819,-29407,c1
1,227,820,-29408,c1
1,227,820,-29409,c1
1,227,820,-29410,c1
20,208,801,-29430,c1
1,227,820,-29431,c1
2,226,819,-29433,c1
4,224,817,-29437,c1
25,203,796,-29462,c1
3,225,818,-29465,c1
1,227,820,-29466,c1
8,220,813,-29474,c1
42,186,779,-29516,c1
2,226,819,-29518,c1
25,203,796,-29543,c1
4,224,817,-29547,c1
1,227,820,-29548,c1
1,227,820,-29549,c1
4,224,817,-29553,c1
1,227,820,-29554,c1
12,216,809,-29566,c1
1,227,820,-29567,c1
103,125,718,-29670,c1
1,227,820,-29671,c1
4,224,817,-29675,c1
1,227,820,-29676,c1
4,224,817,-29680,c1
1,227,820,-29681,c1
8,220,813,-29689,c1
1,227,820,-29690,c1
1,227,820,-29691,c1
1,227,820,-29692,c1
1,227,820,-29693,c1
1,227,820,-29694,c1
7,221,814,-29701,c1
12,216,809,-29713,c1
16,212,805,-29729,c1
3,225,818,-29732,c1
15,213,806,-29747,c1
1,227,820,-29748,c1
7,221,814,-29755,c1
5,223,816,-29760,c1
1,227,820,-29761,c1
1,227,820,-29762,c1
1,227,820,-29763,c1
5,223,816,-29768,c1
8,220,813,-29776,c1
2,226,819,-29778,c1
4,224,817,-29782,c1
5,223,816,-29787,c1
1,227,820,-29788,c1
1,227,820,-29789,c2
1,227,820,-29790,c1
1,227,820,-29791,c1
0,228,821,-29791,c1
1,227,820,-29792,c1
4,224,817,-29796,c1
41,187,780,-29837,c1
1,227,820,-29838,c1
1,227,820,-29839,c1
1435,-1207,-614,-31274,c1
221,7,600,-31495,c2
3,225,818,-31498,c1
11,217,810,-31509,c1
0,228,821,-31509,c1
1,227,820,-31510,c1
1,227,820,-31511,c1
7,221,814,-31518,c1
4,224,817,-31522,c1
1,227,820,-31523,c1
545,-317,276,-32068,c1
1,227,820,-32069,c1
1,227,820,-32070,c1
1,227,820,-32071,c1
7,221,814,-32078,c1
128,100,693,-32206,c1
1,227,820,-32207,c1
1,227,820,-32208,c1
2,226,819,-32210,c1
1,227,820,-32211,c1
4,224,817,-32215,c1
1,227,820,-32216,c1
1,227,820,-32217,c1
2,226,819,-32219,c1
2,226,819,-32221,c1
12,216,809,-32233,c1
3,225,818,-32236,c1
1,227,820,-32237,c1
1,227,820,-32238,c1
1,227,820,-32239,c1
1,227,820,-32240,c1
19,209,802,-32259,c1
1,227,820,-32260,c1
5,223,816,-32265,c1
1,227,820,-32266,c1
1,227,820,-32267,c1
17,211,804,-32284,c1
3,225,818,-32287,c1
1,227,820,-32288,c1
1,227,820,-32289,c1
29,199,792,-32318,c1
1,227,820,-32319,c1
19,209,802,-32338,c1
10,218,811,-32348,c1
53,175,768,-32401,c1
8,220,813,-32409,c1
3,225,818,-32412,c1
219,9,602,-32631,c1
2,226,819,-32633,c1
1,227,820,-32634,c1
2,226,819,-32636,c1
20,208,801,-32656,c1
1,227,820,-32657,c1
1,227,820,-32658,c1
4,224,817,-32662,c1
1,227,820,-32663,c1
1,227,820,-32664,c1
1,227,820,-32665,c1
10,218,811,-32675,c1
1,227,820,-32676,c1
1,227,820,-32677,c1
3,225,818,-32680,c1
3,225,818,-32683,c1
6,222,815,-32689,c1
6,222,815,-32695,c1
4,224,817,-32699,c1
6,222,815,-32705,c1
4,224,817,-32709,c1
1,227,820,-32710,c1
3,225,818,-32713,c1
8,220,813,-32721,c1
1,227,820,-32722,c1
1,227,820,-32723,c1
1,227,820,-32724,c1
33,195,788,-32757,c1
2,226,819,-32759,c1
1,227,820,-32760,c1
1,227,820,-32761,c1
18,210,803,-32779,c1
3,225,818,-32782,c1
1,227,820,-32783,c1
10,218,811,-32793,c1
1,227,820,-32794,c1
1,227,820,-32795,c1
13,215,808,-32808,c1
1,227,820,-32809,c1
114,114,707,-32923,c1
1,227,820,-32924,c1
7,221,814,-32931,c1
4,224,817,-32935,c1
1,227,820,-32936,c1
7,221,814,-32943,c1
1,227,820,-32944,c1
1,227,820,-32945,c1
30,198,791,-32975,c1
81,147,740,-33056,c1
2,226,819,-33058,c1
242,-14,579,-33300,c1
1,227,820,-33301,c1
2,226,819,-33303,c1
1,227,820,-33304,c1
54,174,767,-33358,c1
4,224,817,-33362,c1
1,227,820,-33363,c1
5,223,816,-33368,c1
2,226,819,-33370,c1
4,224,817,-33374,c1
0,228,821,-33374,c1
5,223,816,-33379,c1
11,217,810,-33390,c1
2,226,819,-33392,c1
3,225,818,-33395,c1
2,226,819,-33397,c1
2,226,819,-33399,c1
5,223,816,-33404,c1
1,227,820,-33405,c1
12,216,809,-33417,c1
1,227,820,-33418,c1
1,227,820,-33419,c1
363,-135,458,-33782,c1
2,226,819,-33784,c1
5,223,816,-33789,c1
3,225,818,-33792,c1
1,227,820,-33793,c1
35,193,786,-33828,c1
1,227,820,-33829,c1
4,224,817,-33833,c1
1,227,820,-33834,c1
2,226,819,-33836,c1
21,207,800,-33857,c1
1,227,820,-33858,c1
3,225,818,-33861,c1
2,226,819,-33863,c1
1,227,820,-33864,c1
1,227,820,-33865,c1
1,227,820,-33866,c1
1,227,820,-33867,c1
3,225,818,-33870,c1
2,226,819,-33872,c1
2,226,819,-33874,c1
2,226,819,-33876,c1
2,226,819,-33878,c1
7,221,814,-33885,c1
1,227,820,-33886,c1
1,227,820,-33887,c1
10,218,811,-33897,c1
0,228,821,-33897,c1
1,227,820,-33898,c1
8,220,813,-33906,c1
13,215,808,-33919,c1
1,227,820,-33920,c1
2,226,819,-33922,c1
46,182,775,-33968,c1
1,227,820,-33969,c1
2,226,819,-33971,c1
29,199,792,-34000,c1
1,227,820,-34001,c1
1,227,820,-34002,c1
1,227,820,-34003,c1
3,225,818,-34006,c1
3,225,818,-34009,c1
1,227,820,-34010,c1
3,225,818,-34013,c1
2,226,819,-34015,c1
1,227,820,-34016,c1
2,226,819,-34018,c1
20,208,801,-34038,c1
224,4,597,-34262,c1
7,221,814,-34269,c1
2,226,819,-34271,c1
2,226,819,-34273,c1
1,227,820,-34274,c1
5,223,816,-34279,c1
6,222,815,-34285,c1
2,226,819,-34287,c1
1,227,820,-34288,c1
16,212,805,-34304,c1
22,206,799,-34326,c1
2,226,819,-34328,c1
2,226,819,-34330,c1
1,227,820,-34331,c1
2,226,819,-34333,c1
25,203,796,-34358,c1
1,227,820,-34359,c1
1,227,820,-34360,c1
1,227,820,-34361,c1
19,209,802,-34380,c1
3,225,818,-34383,c1
18,210,803,-34401,c1
1,227,820,-34402,c1
2,226,819,-34404,c1
7,221,814,-34411,c1
0,228,821,-34411,c1
228,0,593,-34639,c1
3,225,818,-34642,c1
3,225,818,-34645,c1
1,227,820,-34646,c1
4,224,817,-34650,c1
1,227,820,-34651,c1
15,213,806,-34666,c1
2,226,819,-34668,c1
3,225,818,-34671,c1
1,227,820,-34672,c1
10,218,811,-34682,c1
1,227,820,-34683,c1
1,227,820,-34684,c1
96,132,725,-34780,c1
63,165,758,-34843,c1
2,226,819,-34845,c1
1,227,820,-34846,c1
31,197,790,-34877,c1
27,201,794,-34904,c1
1,227,820,-34905,c1
1,227,820,-34906,c1
2,226,819,-34908,c1
1,227,820,-34909,c1
1,227,820,-34910,c1
1,227,820,-34911,c1
1,227,820,-34912,c1
8,220,813,-34920,c1
24,204,797,-34944,c1
1,227,820,-34945,c1
0,228,821,-34945,c1
2,226,819,-34947,c1
2,226,819,-34949,c1
1,227,820,-34950,c1
1,227,820,-34951,c1
1,227,820,-34952,c1
1,227,820,-34953,c1
3,225,818,-34956,c1
2,226,819,-34958,c1
1,227,820,-34959,c1
1,227,820,-34960,c1
1,227,820,-34961,c1
1,227,820,-34962,c1
3,225,818,-34965,c1
7,221,814,-34972,c1
6,222,815,-34978,c1
6,222,815,-34984,c1
1,227,820,-34985,c1
30,198,791,-35015,c1
1,227,820,-35016,c1
4,224,817,-35020,c1
2,226,819,-35022,c1
1,227,820,-35023,c1
3,225,818,-35026,c1
14,214,807,-35040,c1
8,220,813,-35048,c1
4,224,817,-35052,c1
15,213,806,-35067,c1
1,227,820,-35068,c1
0,228,821,-35068,c1
1,227,820,-35069,c1
5,223,816,-35074,c1
1,227,820,-35075,c1
1,227,820,-35076,c1
34,194,787,-35110,c1
0,228,821,-35110,c1
7,221,814,-35117,c1
5,223,816,-35122,c1
0,228,821,-35122,c1
5,223,816,-35127,c1
1,227,820,-35128,c1
62,166,759,-35190,c1
0,228,821,-35190,c1
4,224,817,-35194,c1
3,225,818,-35197,c1
8,220,813,-35205,c1
6,222,815,-35211,c1
0,228,821,-35211,c1
1,227,820,-35212,c1
1,227,820,-35213,c1
1,227,820,-35214,c1
1,227,820,-35215,c1
3,225,818,-35218,c1
2,226,819,-35220,c1
10,218,811,-35230,c1
10,218,811,-35240,c1
4,224,817,-35244,c1
2,226,819,-35246,c1
1,227,820,-35247,c1
2,226,819,-35249,c1
1,227,820,-35250,c1
5,223,816,-35255,c1
2,226,819,-35257,c1
1,227,820,-35258,c1
59,169,762,-35317,c1
1,227,820,-35318,c1
3,225,818,-35321,c1
39,189,782,-35360,c1
9,219,812,-35369,c1
2,226,819,-35371,c1
3,225,818,-35374,c1
4,224,817,-35378,c1
205,23,616,-35583,c1
62,166,759,-35645,c1
257,-29,564,-35902,c1
1,227,820,-35903,c1
3,225,818,-35906,c1
1,227,820,-35907,c1
26,202,795,-35933,c1
1,227,820,-35934,c1
1,227,820,-35935,c1
5,223,816,-35940,c1
4,224,817,-35944,c1
1,227,820,-35945,c1
4,224,817,-35949,c1
23,205,798,-35972,c1
1,227,820,-35973,c1
1,227,820,-35974,c1
22,206,799,-35996,c2
1,227,820,-35997,c1
20,208,801,-36017,c1
4,224,817,-36021,c1
9,219,812,-36030,c1
6,222,815,-36036,c1
2,226,819,-36038,c1
1,227,820,-36039,c1
3,225,818,-36042,c1
1320,-1092,-499,-37362,c1
5,223,816,-37367,c1
5,223,816,-37372,c1
1,227,820,-37373,c1
6,222,815,-37379,c1
85,143,736,-37464,c1
1,227,820,-37465,c1
2,226,819,-37467,c1
1,227,820,-37468,c1
1,227,820,-37469,c1
43,185,778,-37512,c1
2,226,819,-37514,c1
173,55,648,-37687,c1
25,203,796,-37712,c1
56,172,765,-37768,c1
1,227,820,-37769,c1
22,206,799,-37791,c1
3,225,818,-37794,c1
4,224,817,-37798,c1
8,220,813,-37806,c1
2,226,819,-37808,c1
1,227,820,-37809,c1
4,224,817,-37813,c1
3,225,818,-37816,c1
2,226,819,-37818,c1
35,193,786,-37853,c1
2,226,819,-37855,c1
2,226,819,-37857,c1
14,214,807,-37871,c1
1,227,820,-37872,c1
1,227,820,-37873,c1
6,222,815,-37879,c1
1,227,820,-37880,c1
1,227,820,-37881,c1
2,226,819,-37883,c1
1,227,820,-37884,c1
6,222,815,-37890,c1
1,227,820,-37891,c1
15,213,806,-37906,c1
19,209,802,-37925,c1
15,213,806,-37940,c1
7,221,814,-37947,c1
1,227,820,-37948,c1
1,227,820,-37949,c1
6,222,815,-37955,c1
39,189,782,-37994,c1
3,225,818,-37997,c1
2,226,819,-37999,c1
3,225,818,-38002,c1
1,227,820,-38003,c1
1,227,820,-38004,c1
2,226,819,-38006,c1
1,227,820,-38007,c1
2,226,819,-38009,c1
53,175,768,-38062,c1
1,227,820,-38063,c1
7,221,814,-38070,c1
26,202,795,-38096,c1
2,226,819,-38098,c1
2,226,819,-38100,c1
3,225,818,-38103,c1
1,227,820,-38104,c1
3,225,818,-38107,c1
51,177,770,-38158,c1
5,223,816,-38163,c1
1,227,820,-38164,c1
1,227,820,-38165,c1
1,227,820,-38166,c1
9,219,812,-38175,c1
3,225,818,-38178,c1
12,216,809,-38190,c1
1,227,820,-38191,c1
1,227,820,-38192,c1
21,207,800,-38213,c1
1,227,820,-38214,c1
1,227,820,-38215,c1
0,228,821,-38215,c1
3,225,818,-38218,c1
5,223,816,-38223,c1
6,222,815,-38229,c1
33,195,788,-38262,c1
19,209,802,-38281,c1
2,226,819,-38283,c1
1,227,820,-38284,c1
20,208,801,-38304,c1
58,170,763,-38362,c1
10,218,811,-38372,c1
71,157,750,-38443,c1
13,215,808,-38456,c1
1,227,820,-38457,c1
6,222,815,-38463,c1
1,227,820,-38464,c1
8,220,813,-38472,c1
1,227,820,-38473,c1
83,145,738,-38556,c1
1,227,820,-38557,c1
1,227,820,-38558,c1
2,226,819,-38560,c1
12,216,809,-38572,c1
1,227,820,-38573,c1
1,227,820,-38574,c1
0,228,821,-38574,c1
1,227,820,-38575,c1
1,227,820,-38576,c1
1,227,820,-38577,c1
2,226,819,-38579,c1
2,226,819,-38581,c1
1,227,820,-38582,c1
2,226,819,-38584,c1
1,227,820,-38585,c1
1,227,820,-38586,c1
1,227,820,-38587,c1
10,218,811,-38597,c1
10,218,811,-38607,c1
5,223,816,-38612,c1
2,226,819,-38614,c1
4,224,817,-38618,c1
122,106,699,-38740,c1
7,221,814,-38747,c1
4,224,817,-38751,c1
1,227,820,-38752,c1
1,227,820,-38753,c1
9,219,812,-38762,c1
1,227,820,-38763,c1
1,227,820,-38764,c1
6,222,815,-38770,c1
1,227,820,-38771,c1
1,227,820,-38772,c1
2,226,819,-38774,c1
24,204,797,-38798,c1
6,222,815,-38804,c1
1,227,820,-38805,c1
6,222,815,-38811,c1
6,222,815,-38817,c1
9,219,812,-38826,c1
19,209,802,-38845,c1
2,226,819,-38847,c1
1,227,820,-38848,c1
3,225,818,-38851,c1
1,227,820,-38852,c1
1,227,820,-38853,c1
1,227,820,-38854,c1
4,224,817,-38858,c1
2,226,819,-38860,c1
1,227,820,-38861,c1
2,226,819,-38863,c1
6,222,815,-38869,c1
1,227,820,-38870,c1
12,216,809,-38882,c1
1,227,820,-38883,c1
1,227,820,-38884,c1
33,195,788,-38917,c1
4,224,817,-38921,c1
19,209,802,-38940,c1
2,226,819,-38942,c1
25,203,796,-38967,c1
1,227,820,-38968,c1
1,227,820,-38969,c1
1,227,820,-38970,c1
1,227,820,-38971,c1
2,226,819,-38973,c1
54,174,767,-39027,c1
1,227,820,-39028,c1
1,227,820,-39029,c1
4,224,817,-39033,c1
12,216,809,-39045,c1
1,227,820,-39046,c1
6,222,815,-39052,c1
49,179,772,-39101,c1
5,223,816,-39106,c1
2,226,819,-39108,c1
2,226,819,-39110,c1
12,216,809,-39122,c1
13,215,808,-39135,c1
50,178,771,-39185,c1
2,226,819,-39187,c1
2,226,819,-39189,c1
1,227,820,-39190,c1
1,227,820,-39191,c1
1,227,820,-39192,c1
24,204,797,-39216,c1
2,226,819,-39218,c1
38,190,783,-39256,c1
0,228,821,-39256,c1
3,225,818,-39259,c1
1,227,820,-39260,c1
33,195,788,-39293,c1
134,94,687,-39427,c1
1,227,820,-39428,c1
27,201,794,-39455,c1
13,215,808,-39468,c1
44,184,777,-39512,c1
9,219,812,-39521,c1
25,203,796,-39546,c1
1,227,820,-39547,c1
2,226,819,-39549,c1
3,225,818,-39552,c1
1,227,820,-39553,c1
24,204,797,-39577,c1
2,226,819,-39579,c1
2,226,819,-39581,c1
1,227,820,-39582,c1
1,227,820,-39583,c1
9,219,812,-39592,c1
1,227,820,-39593,c1
2,226,819,-39595,c1
2,226,819,-39597,c1
19,209,802,-39616,c1
2,226,819,-39618,c1
4,224,817,-39622,c1
2,226,819,-39624,c1
1,227,820,-39625,c1
7,221,814,-39632,c1
1,227,820,-39633,c1
6,222,815,-39639,c1
1,227,820,-39640,c1
2,226,819,-39642,c1
1,227,820,-39643,c1
1,227,820,-39644,c1
1,227,820,-39645,c1
1,227,820,-39646,c1
1,227,820,-39647,c1
23,205,798,-39670,c1
1,227,820,-39671,c1
1,227,820,-39672,c1
2,226,819,-39674,c1
2,226,819,-39676,c1
21,207,800,-39697,c1
181,47,640,-39878,c1
1,227,820,-39879,c1
1,227,820,-39880,c1
2,226,819,-39882,c1
3,225,818,-39885,c1
2,226,819,-39887,c1
1,227,820,-39888,c1
56,172,765,-39944,c1
6,222,815,-39950,c1
63,165,758,-40013,c1
91,137,730,-40104,c1
3,225,818,-40107,c1
5,223,816,-40112,c1
1,227,820,-40113,c1
1,227,820,-40114,c1
2,226,819,-40116,c1
1,227,820,-40117,c1
3,225,818,-40120,c1
1,227,820,-40121,c1
2,226,819,-40123,c1
5,223,816,-40128,c1
9,219,812,-40137,c1
1,227,820,-40138,c1
2,226,819,-40140,c1
7,221,814,-40147,c1
19,209,802,-40166,c1
17,211,804,-40183,c1
10,218,811,-40193,c1
2,226,819,-40195,c1
3,225,818,-40198,c1
8,220,813,-40206,c1
1,227,820,-40207,c1
5,223,816,-40212,c1
3,225,818,-40215,c1
5,223,816,-40220,c1
2,226,819,-40222,c1
3,225,818,-40225,c1
3,225,818,-40228,c1
37,191,784,-40265,c1
3,225,818,-40268,c1
17,211,804,-40285,c1
2,226,819,-40287,c1
1,227,820,-40288,c1
0,228,821,-40288,c1
3,225,818,-40291,c1
2,226,819,-40293,c1
1,227,820,-40294,c1
0,228,821,-40294,c1
5,223,816,-40299,c1
1,227,820,-40300,c1
3,225,818,-40303,c1
41,187,780,-40344,c1
1,227,820,-40345,c1
1,227,820,-40346,c1
1,227,820,-40347,c1
1,227,820,-40348,c1
3,225,818,-40351,c1
16,212,805,-40367,c1
0,228,821,-40367,c1
1,227,820,-40368,c1
4,224,817,-40372,c1
0,228,821,-40372,c1
59,169,762,-40431,c1
10,218,811,-40441,c1
1,227,820,-40442,c1
1,227,820,-40443,c1
1,227,820,-40444,c1
1,227,820,-40445,c1
15,213,806,-40460,c1
18,210,803,-40478,c1
79,149,742,-40557,c1
4,224,817,-40561,c1
103,125,718,-40664,c1
14,214,807,-40678,c1
2,226,819,-40680,c1
1,227,820,-40681,c1
3,225,818,-40684,c1
1,227,820,-40685,c1
1,227,820,-40686,c1
1,227,820,-40687,c1
1,227,820,-40688,c1
7,221,814,-40695,c1
21,207,800,-40716,c1
7,221,814,-40723,c1
234,-6,587,-40957,c1
9,219,812,-40966,c1
1,227,820,-40967,c1
3,225,818,-40970,c1
1,227,820,-40971,c1
5,223,816,-40976,c1
1,227,820,-40977,c1
1,227,820,-40978,c1
1,227,820,-40979,c1
2,226,819,-40981,c1
1,227,820,-40982,c1
2,226,819,-40984,c1
2,226,819,-40986,c1
1,227,820,-40987,c1
2,226,819,-40989,c1
4,224,817,-40993,c1
8,220,813,-41001,c1
1,227,820,-41002,c1
0,228,821,-41002,c1
1,227,820,-41003,c1
4,224,817,-41007,c1
2,226,819,-41009,c1
4,224,817,-41013,c1
2,226,819,-41015,c1
28,200,793,-41043,c1
17,211,804,-41060,c1
1,227,820,-41061,c1
1,227,820,-41062,c1
2,226,819,-41064,c1
1,227,820,-41065,c1
1,227,820,-41066,c1
2,226,819,-41068,c1
101,127,720,-41169,c1
1,227,820,-41170,c1
18,210,803,-41188,c1
4,224,817,-41192,c1
2,226,819,-41194,c1
4,224,817,-41198,c1
1,227,820,-41199,c1
5,223,816,-41204,c1
10,218,811,-41214,c1
1,227,820,-41215,c1
22,206,799,-41237,c1
1,227,820,-41238,c1
3,225,818,-41241,c1
1,227,820,-41242,c1
22,206,799,-41264,c1
3,225,818,-41267,c1
0,228,821,-41267,c1
2,226,819,-41269,c1
0,228,821,-41269,c1
3,225,818,-41272,c1
2,226,819,-41274,c1
4,224,817,-41278,c1
1,227,820,-41279,c1
1,227,820,-41280,c1
1,227,820,-41281,c1
1,227,820,-41282,c1
1,227,820,-41283,c1
47,181,774,-41330,c1
2,226,819,-41332,c1
2,226,819,-41334,c1
30,198,791,-41364,c1
3,225,818,-41367,c1
21,207,800,-41388,c1
1,227,820,-41389,c1
8,220,813,-41397,c1
1,227,820,-41398,c1
1,227,820,-41399,c1
11,217,810,-41410,c1
1,227,820,-41411,c1
2,226,819,-41413,c1
5,223,816,-41418,c1
1,227,820,-41419,c1
17,211,804,-41436,c1
2,226,819,-41438,c1
7,221,814,-41445,c1
20,208,801,-41465,c1
7,221,814,-41472,c1
10,218,811,-41482,c1
1,227,820,-41483,c1
3,225,818,-41486,c1
1,227,820,-41487,c1
2,226,819,-41489,c1
2,226,819,-41491,c1
1,227,820,-41492,c1
60,168,761,-41552,c1
5,223,816,-41557,c1
12,216,809,-41569,c1
1,227,820,-41570,c1
17,211,804,-41587,c1
1,227,820,-41588,c1
2,226,819,-41590,c1
1,227,820,-41591,c1
1,227,820,-41592,c1
28,200,793,-41620,c1
1,227,820,-41621,c1
10,218,811,-41631,c1
1,227,820,-41632,c1
1,227,820,-41633,c1
7,221,814,-41640,c1
1,227,820,-41641,c1
14,214,807,-41655,c1
1,227,820,-41656,c1
6,222,815,-41662,c1
1,227,820,-41663,c1
1,227,820,-41664,c1
4,224,817,-41668,c1
8,220,813,-41676,c1
3,225,818,-41679,c1
1,227,820,-41680,c1
1,227,820,-41681,c1
2,226,819,-41683,c1
1,227,820,-41684,c1
2,226,819,-41686,c1
1,227,820,-41687,c1
1,227,820,-41688,c1
22,206,799,-41710,c1
1,227,820,-41711,c1
1,227,820,-41712,c1
2,226,819,-41714,c1
108,120,713,-41822,c1
39,189,782,-41861,c1
7,221,814,-41868,c1
2,226,819,-41870,c1
1,227,820,-41871,c1
4,224,817,-41875,c1
12,216,809,-41887,c1
1,227,820,-41888,c1
2,226,819,-41890,c1
1,227,820,-41891,c1
3,225,818,-41894,c1
3,225,818,-41897,c1
1,227,820,-41898,c1
3,225,818,-41901,c1
1,227,820,-41902,c1
1,227,820,-41903,c1
1,227,820,-41904,c1
1,227,820,-41905,c1
1,227,820,-41906,c1
1,227,820,-41907,c1
1,227,820,-41908,c1
1,227,820,-41909,c1
1,227,820,-41910,c1
23,205,798,-41933,c1
4,224,817,-41937,c1
3,225,818,-41940,c1
1,227,820,-41941,c1
1,227,820,-41942,c1
1,227,820,-41943,c1
30,198,791,-41973,c1
2,226,819,-41975,c1
8,220,813,-41983,c1
1,227,820,-41984,c1
3,225,818,-41987,c1
1,227,820,-41988,c1
2,226,819,-41990,c1
33,195,788,-42023,c1
3,225,818,-42026,c1
3,225,818,-42029,c1
1,227,820,-42030,c1
1,227,820,-42031,c1
2,226,819,-42033,c1
14,214,807,-42047,c1
4,224,817,-42051,c1
27,201,794,-42078,c1
1,227,820,-42079,c1
2,226,819,-42081,c1
86,142,735,-42167,c1
1,227,820,-42168,c1
7,221,814,-42175,c1
1,227,820,-42176,c1
1,227,820,-42177,c1
2,226,819,-42179,c1
14,214,807,-42193,c1
4,224,817,-42197,c1
2,226,819,-42199,c1
58,170,763,-42257,c1
20,208,801,-42277,c1
8,220,813,-42285,c1
21,207,800,-42306,c1
28,200,793,-42334,c1
1,227,820,-42335,c1
7,221,814,-42342,c1
4,224,817,-42346,c1
21,207,800,-42367,c1
18,210,803,-42385,c1
25,203,796,-42410,c1
1,227,820,-42411,c1
12,216,809,-42423,c1
15,213,806,-42438,c1
1,227,820,-42439,c1
2,226,819,-42441,c1
4,224,817,-42445,c1
2,226,819,-42447,c1
11,217,810,-42458,c1
0,228,821,-42458,c1
1,227,820,-42459,c1
1,227,820,-42460,c1
15,213,806,-42475,c1
3,225,818,-42478,c1
1,227,820,-42479,c1
5,223,816,-42484,c1
3,225,818,-42487,c1
1,227,820,-42488,c1
1,227,820,-42489,c1
1,227,820,-42490,c1
2,226,819,-42492,c1
22,206,799,-42514,c1
1,227,820,-42515,c1
2,226,819,-42517,c1
1,227,820,-42518,c1
18,210,803,-42536,c1
17,211,804,-42553,c1
1,227,820,-42554,c1
17,211,804,-42571,c1
5,223,816,-42576,c1
1,227,820,-42577,c1
1,227,820,-42578,c1
1,227,820,-42579,c1
5,223,816,-42584,c1
177,51,644,-42761,c1
3,225,818,-42764,c1
1,227,820,-42765,c1
12,216,809,-42777,c1
3,225,818,-42780,c1
1,227,820,-42781,c1
5,223,816,-42786,c1
16,212,805,-42802,c1
3,225,818,-42805,c1
132,96,689,-42937,c1
1,227,820,-42938,c1
10,218,811,-42948,c1
1,227,820,-42949,c1
4,224,817,-42953,c1
2,226,819,-42955,c1
0,228,821,-42955,c1
1,227,820,-42956,c1
96,132,725,-43052,c1
5,223,816,-43057,c1
1,227,820,-43058,c1
2,226,819,-43060,c1
2,226,819,-43062,c1
1,227,820,-43063,c1
1,227,820,-43064,c1
1,227,820,-43065,c1
4,224,817,-43069,c1
10,218,811,-43079,c1
8,220,813,-43087,c1
1,227,820,-43088,c1
8,220,813,-43096,c1
2,226,819,-43098,c1
22,206,799,-43120,c1
1,227,820,-43121,c1
12,216,809,-43133,c1
1,227,820,-43134,c1
2,226,819,-43136,c1
237,-9,584,-43373,c1
20,208,801,-43393,c1
7,221,814,-43400,c1
8,220,813,-43408,c1
1,227,820,-43409,c1
40,188,781,-43449,c1
1,227,820,-43450,c1
23,205,798,-43473,c1
1,227,820,-43474,c1
1,227,820,-43475,c1
7,221,814,-43482,c1
2,226,819,-43484,c1
1,227,820,-43485,c1
1,227,820,-43486,c1
2,226,819,-43488,c1
22,206,799,-43510,c1
2,226,819,-43512,c1
3,225,818,-43515,c1
35,193,786,-43550,c1
9,219,812,-43559,c1
1,227,820,-43560,c1
29,199,792,-43589,c1
33,195,788,-43622,c1
4,224,817,-43626,c1
14,214,807,-43640,c1
1,227,820,-43641,c1
4,224,817,-43645,c1
3,225,818,-43648,c1
1,227,820,-43649,c1
2,226,819,-43651,c1
3,225,818,-43654,c1
2,226,819,-43656,c1
14,214,807,-43670,c1
1,227,820,-43671,c1
1,227,820,-43672,c1
34,194,787,-43706,c1
48,180,773,-43754,c1
4,224,817,-43758,c1
1,227,820,-43759,c1
2,226,819,-43761,c1
1,227,820,-43762,c1
14,214,807,-43776,c1
1,227,820,-43777,c1
22,206,799,-43799,c1
1,227,820,-43800,c1
20,208,801,-43820,c1
6,222,815,-43826,c1
1,227,820,-43827,c1
1,227,820,-43828,c1
13,215,808,-43841,c1
1,227,820,-43842,c1
4,224,817,-43846,c1
0,228,821,-43846,c1
1,227,820,-43847,c1
2,226,819,-43849,c1
9,219,812,-43858,c1
2,226,819,-43860,c1
2,226,819,-43862,c1
3,225,818,-43865,c1
3,225,818,-43868,c1
1,227,820,-43869,c1
2,226,819,-43871,c1
1,227,820,-43872,c1
29,199,792,-43901,c1
1,227,820,-43902,c1
2,226,819,-43904,c1
1,227,820,-43905,c1
10,218,811,-43915,c1
44,184,777,-43959,c1
21,207,800,-43980,c1
4,224,817,-43984,c1
3,225,818,-43987,c1
21,207,800,-44008,c1
4,224,817,-44012,c1
9,219,812,-44021,c1
9,219,812,-44030,c1
10,218,811,-44040,c1
1,227,820,-44041,c1
32,196,789,-44073,c1
27,201,794,-44100,c1
1,227,820,-44101,c1
1,227,820,-44102,c1
1,227,820,-44103,c1
1,227,820,-44104,c1
4,224,817,-44108,c1
2,226,819,-44110,c1
4,224,817,-44114,c1
1,227,820,-44115,c1
2,226,819,-44117,c1
5,223,816,-44122,c1
4,224,817,-44126,c1
8,220,813,-44134,c1
2,226,819,-44136,c1
0,228,821,-44136,c1
2,226,819,-44138,c1
1,227,820,-44139,c1
22,206,799,-44161,c1
2,226,819,-44163,c1
26,202,795,-44189,c1
1,227,820,-44190,c1
7,221,814,-44197,c1
1,227,820,-44198,c1
25,203,796,-44223,c1
1,227,820,-44224,c1
10,218,811,-44234,c1
1,227,820,-44235,c1
3,225,818,-44238,c1
1,227,820,-44239,c1
98,130,723,-44337,c1
11,217,810,-44348,c1
1,227,820,-44349,c1
1,227,820,-44350,c1
4,224,817,-44354,c1
29,199,792,-44383,c1
1,227,820,-44384,c1
4,224,817,-44388,c1
6,222,815,-44394,c1
50,178,771,-44444,c1
1,227,820,-44445,c1
2,226,819,-44447,c1
1,227,820,-44448,c1
1,227,820,-44449,c1
5,223,816,-44454,c1
21,207,800,-44475,c1
13,215,808,-44488,c1
1,227,820,-44489,c1
8,220,813,-44497,c1
2,226,819,-44499,c1
1,227,820,-44500,c1
2,226,819,-44502,c1
1,227,820,-44503,c1
1,227,820,-44504,c1
1,227,820,-44505,c1
11,217,810,-44516,c1
1,227,820,-44517,c1
41,187,780,-44558,c1
1,227,820,-44559,c1
10,218,811,-44569,c1
19,209,802,-44588,c1
2,226,819,-44590,c1
38,190,783,-44628,c1
2,226,819,-44630,c1
1,227,820,-44631,c1
2,226,819,-44633,c1
8,220,813,-44641,c1
18,210,803,-44659,c1
1,227,820,-44660,c1
5,223,816,-44665,c1
3,225,818,-44668,c1
1,227,820,-44669,c1
1,227,820,-44670,c1
1,227,820,-44671,c1
1,227,820,-44672,c1
2,226,819,-44674,c1
2,226,819,-44676,c1
1,227,820,-44677,c1
1,227,820,-44678,c1
1,227,820,-44679,c1
1,227,820,-44680,c1
1,227,820,-44681,c1
80,148,741,-44761,c1
1,227,820,-44762,c1
1,227,820,-44763,c1
1,227,820,-44764,c1
27,201,794,-44791,c1
1,227,820,-44792,c1
2,226,819,-44794,c1
1,227,820,-44795,c1
0,228,821,-44795,c1
12,216,809,-44807,c1
18,210,803,-44825,c1
1,227,820,-44826,c1
1,227,820,-44827,c1
4,224,817,-44831,c1
8,220,813,-44839,c1
2,226,819,-44841,c1
4,224,817,-44845,c1
3,225,818,-44848,c1
1,227,820,-44849,c1
2,226,819,-44851,c1
10,218,811,-44861,c1
1,227,820,-44862,c1
1,227,820,-44863,c1
2,226,819,-44865,c1
2,226,819,-44867,c1
1,227,820,-44868,c1
14,214,807,-44882,c1
4,224,817,-44886,c1
1,227,820,-44887,c1
1,227,820,-44888,c1
1,227,820,-44889,c1
1,227,820,-44890,c1
33,195,788,-44923,c1
1,227,820,-44924,c1
9,219,812,-44933,c1
47,181,774,-44980,c1
0,228,821,-44980,c1
1,227,820,-44981,c1
3,225,818,-44984,c1
37,191,784,-45021,c1
1,227,820,-45022,c1
7,221,814,-45029,c1
1,227,820,-45030,c1
33,195,788,-45063,c1
63,165,758,-45126,c1
14,214,807,-45140,c1
14,214,807,-45154,c1
1,227,820,-45155,c1
3,225,818,-45158,c1
3,225,818,-45161,c1
62,166,759,-45223,c1
1,227,820,-45224,c1
3,225,818,-45227,c1
5,223,816,-45232,c1
6,222,815,-45238,c1
2,226,819,-45240,c1
426,-198,395,-45666,c1
1,227,820,-45667,c1
1,227,820,-45668,c1
7,221,814,-45675,c1
1,227,820,-45676,c1
26,202,795,-45702,c1
38,190,783,-45740,c1
26,202,795,-45766,c1
38,190,783,-45804,c1
5,223,816,-45809,c1
1,227,820,-45810,c1
62,166,759,-45872,c1
35,193,786,-45907,c1
1,227,820,-45908,c1
2,226,819,-45910,c1
1,227,820,-45911,c1
3,225,818,-45914,c1
1,227,820,-45915,c1
1,227,820,-45916,c1
2,226,819,-45918,c1
58,170,763,-45976,c1
13,215,808,-45989,c1
3,225,818,-45992,c1
2,226,819,-45994,c1
0,228,821,-45994,c1
77,151,744,-46071,c1
5,223,816,-46076,c1
1,227,820,-46077,c1
2,226,819,-46079,c1
4,224,817,-46083,c1
2,226,819,-46085,c1
4,224,817,-46089,c1
4,224,817,-46093,c1
1,227,820,-46094,c1
1,227,820,-46095,c1
11,217,810,-46106,c1
5,223,816,-46111,c1
3,225,818,-46114,c1
129,99,692,-46243,c1
1,227,820,-46244,c1
1,227,820,-46245,c1
2,226,819,-46247,c1
2,226,819,-46249,c1
1,227,820,-46250,c1
1,227,820,-46251,c1
31,197,790,-46282,c1
22,206,799,-46304,c1
10,218,811,-46314,c1
7,221,814,-46321,c1
2,226,819,-46323,c1
1,227,820,-46324,c1
6,222,815,-46330,c1
3,225,818,-46333,c1
1,227,820,-46334,c1
147,81,674,-46481,c1
5,223,816,-46486,c1
4,224,817,-46490,c1
73,155,748,-46563,c1
1,227,820,-46564,c1
4,224,817,-46568,c1
3,225,818,-46571,c1
6,222,815,-46577,c1
1,227,820,-46578,c1
18,210,803,-46596,c1
128,100,693,-46724,c1
14,214,807,-46738,c1
1,227,820,-46739,c1
43,185,778,-46782,c1
2,226,819,-46784,c1
13,215,808,-46797,c1
1,227,820,-46798,c1
31,197,790,-46829,c1
3,225,818,-46832,c1
1,227,820,-46833,c1
1,227,820,-46834,c1
4,224,817,-46838,c1
88,140,733,-46926,c1
1,227,820,-46927,c1
8,220,813,-46935,c1
4,224,817,-46939,c1
16,212,805,-46955,c1
0,228,821,-46955,c1
1,227,820,-46956,c1
153,75,668,-47109,c1
1,227,820,-47110,c1
1,227,820,-47111,c1
200,28,621,-47311,c1
7,221,814,-47318,c1
1,227,820,-47319,c1
7,221,814,-47326,c1
1,227,820,-47327,c1
2,226,819,-47329,c1
10,218,811,-47339,c1
4,224,817,-47343,c1
4,224,817,-47347,c1
83,145,738,-47430,c1
4,224,817,-47434,c1
2,226,819,-47436,c1
4,224,817,-47440,c2
15,213,806,-47455,c1
5,223,816,-47460,c1
11,217,810,-47471,c1
1,227,820,-47472,c1
0,228,821,-47472,c1
28,200,793,-47500,c1
11,217,810,-47511,c1
1,227,820,-47512,c1
1232,-1004,-411,-48744,c1
15,213,806,-48759,c1
1,227,820,-48760,c1
1,227,820,-48761,c1
1,227,820,-48762,c1
3,225,818,-48765,c1
1,227,820,-48766,c1
1,227,820,-48767,c1
1,227,820,-48768,c1
1,227,820,-48769,c1
2,226,819,-48771,c1
3,225,818,-48774,c1
38,190,783,-48812,c1
2,226,819,-48814,c1
6,222,815,-48820,c1
6,222,815,-48826,c1
3,225,818,-48829,c1
9,219,812,-48838,c1
1,227,820,-48839,c1
3,225,818,-48842,c1
41,187,780,-48883,c1
53,175,768,-48936,c1
1,227,820,-48937,c1
2,226,819,-48939,c1
1,227,820,-48940,c1
1,227,820,-48941,c1
1,227,820,-48942,c1
1,227,820,-48943,c1
1,227,820,-48944,c1
1,227,820,-48945,c1
11,217,810,-48956,c1
1,227,820,-48957,c1
38,190,783,-48995,c1
1,227,820,-48996,c1
5,223,816,-49001,c1
5,223,816,-49006,c1
36,192,785,-49042,c1
1,227,820,-49043,c1
1,227,820,-49044,c1
20,208,801,-49064,c1
1,227,820,-49065,c1
1,227,820,-49066,c1
2,226,819,-49068,c1
3,225,818,-49071,c1
2,226,819,-49073,c1
1,227,820,-49074,c1
1,227,820,-49075,c1
1,227,820,-49076,c1
1,227,820,-49077,c1
1,227,820,-49078,c1
3,225,818,-49081,c1
1,227,820,-49082,c1
2,226,819,-49084,c1
31,197,790,-49115,c1
233,-5,588,-49348,c1
1,227,820,-49349,c1
3,225,818,-49352,c1
3,225,818,-49355,c1
169,59,652,-49524,c1
2,226,819,-49526,c1
1,227,820,-49527,c1
51,177,770,-49578,c1
2,226,819,-49580,c1
2,226,819,-49582,c1
110,118,711,-49692,c1
4,224,817,-49696,c1
4,224,817,-49700,c1
1,227,820,-49701,c1
1,227,820,-49702,c1
1,227,820,-49703,c1
1,227,820,-49704,c1
1,227,820,-49705,c1
142,86,679,-49847,c1
2,226,819,-49849,c1
0,228,821,-49849,c1
1,227,820,-49850,c1
1,227,820,-49851,c1
2,226,819,-49853,c1
50,178,771,-49903,c1
12,216,809,-49915,c1
5,223,816,-49920,c1
1,227,820,-49921,c1
8,220,813,-49929,c1
1,227,820,-49930,c1
1,227,820,-49931,c1
3,225,818,-49934,c1
33,195,788,-49967,c1
2,226,819,-49969,c1
1,227,820,-49970,c1
11,217,810,-49981,c1
9,219,812,-49990,c1
40,188,781,-50030,c1
26,202,795,-50056,c1
1,227,820,-50057,c1
1,227,820,-50058,c1
2,226,819,-50060,c1
1,227,820,-50061,c1
1,227,820,-50062,c1
2,226,819,-50064,c1
3,225,818,-50067,c1
1,227,820,-50068,c1
1,227,820,-50069,c1
1,227,820,-50070,c1
9,219,812,-50079,c1
12,216,809,-50091,c1
2,226,819,-50093,c1
1,227,820,-50094,c1
1,227,820,-50095,c1
1,227,820,-50096,c1
3,225,818,-50099,c1
2,226,819,-50101,c1
1,227,820,-50102,c1
1,227,820,-50103,c1
1,227,820,-50104,c1
0,228,821,-50104,c1
1,227,820,-50105,c1
1,227,820,-50106,c1
0,228,821,-50106,c1
3,225,818,-50109,c1
2,226,819,-50111,c1
1,227,820,-50112,c1
3,225,818,-50115,c1
1,227,820,-50116,c1
1,227,820,-50117,c1
3,225,818,-50120,c1
1,227,820,-50121,c1
22,206,799,-50143,c1
26,202,795,-50169,c1
1,227,820,-50170,c1
0,228,821,-50170,c1
145,83,676,-50315,c1
6,222,815,-50321,c1
6,222,815,-50327,c1
2,226,819,-50329,c1
34,194,787,-50363,c1
1,227,820,-50364,c1
3,225,818,-50367,c1
0,228,821,-50367,c1
0,228,821,-50367,c1
13,215,808,-50380,c1
2,226,819,-50382,c1
1,227,820,-50383,c1
1,227,820,-50384,c1
1,227,820,-50385,c1
11,217,810,-50396,c1
134,94,687,-50530,c1
1,227,820,-50531,c1
4,224,817,-50535,c1
1,227,820,-50536,c1
1,227,820,-50537,c1
2,226,819,-50539,c1
2,226,819,-50541,c1
2,226,819,-50543,c1
6,222,815,-50549,c1
44,184,777,-50593,c1
16,212,805,-50609,c1
35,193,786,-50644,c1
28,200,793,-50672,c1
2,226,819,-50674,c1
1,227,820,-50675,c1
1,227,820,-50676,c1
6,222,815,-50682,c1
1,227,820,-50683,c1
1,227,820,-50684,c1
1,227,820,-50685,c1
1,227,820,-50686,c1
10,218,811,-50696,c1
1,227,820,-50697,c1
1,227,820,-50698,c1
20,208,801,-50718,c1
1,227,820,-50719,c1
2,226,819,-50721,c1
0,228,821,-50721,c1
1,227,820,-50722,c1
21,207,800,-50743,c1
2,226,819,-50745,c1
0,228,821,-50745,c1
2,226,819,-50747,c1
4,224,817,-50751,c1
3,225,818,-50754,c1
1,227,820,-50755,c1
1,227,820,-50756,c1
1,227,820,-50757,c1
31,197,790,-50788,c1
2,226,819,-50790,c1
74,154,747,-50864,c1
2,226,819,-50866,c1
1,227,820,-50867,c1
31,197,790,-50898,c1
2,226,819,-50900,c1
13,215,808,-50913,c1
7,221,814,-50920,c1
30,198,791,-50950,c1
1,227,820,-50951,c1
2,226,819,-50953,c1
1,227,820,-50954,c1
50,178,771,-51004,c1
41,187,780,-51045,c1
2,226,819,-51047,c1
11,217,810,-51058,c1
4,224,817,-51062,c1
12,216,809,-51074,c1
5,223,816,-51079,c1
1,227,820,-51080,c1
17,211,804,-51097,c1
52,176,769,-51149,c1
1,227,820,-51150,c1
0,228,821,-51150,c1
1,227,820,-51151,c1
1,227,820,-51152,c1
1,227,820,-51153,c1
97,131,724,-51250,c1
1,227,820,-51251,c1
3,225,818,-51254,c1
13,215,808,-51267,c1
226,2,595,-51493,c1
0,228,821,-51493,c1
2,226,819,-51495,c1
1,227,820,-51496,c1
1,227,820,-51497,c1
10,218,811,-51507,c1
1,227,820,-51508,c1
1,227,820,-51509,c1
2,226,819,-51511,c1
2,226,819,-51513,c1
19,209,802,-51532,c1
1,227,820,-51533,c1
24,204,797,-51557,c1
1,227,820,-51558,c1
1,227,820,-51559,c1
7,221,814,-51566,c1
13,215,808,-51579,c1
68,160,753,-51647,c1
1,227,820,-51648,c1
2,226,819,-51650,c1
9,219,812,-51659,c1
4,224,817,-51663,c1
15,213,806,-51678,c1
1,227,820,-51679,c1
23,205,798,-51702,c1
1,227,820,-51703,c1
1,227,820,-51704,c1
1,227,820,-51705,c1
2,226,819,-51707,c1
1,227,820,-51708,c1
3,225,818,-51711,c1
0,228,821,-51711,c1
0,228,821,-51711,c1
2,226,819,-51713,c1
8,220,813,-51721,c1
1,227,820,-51722,c1
65,163,756,-51787,c1
2,226,819,-51789,c1
2,226,819,-51791,c1
22,206,799,-51813,c1
2,226,819,-51815,c1
1,227,820,-51816,c1
2,226,819,-51818,c1
5,223,816,-51823,c1
10,218,811,-51833,c1
1,227,820,-51834,c1
15,213,806,-51849,c1
1,227,820,-51850,c1
3,225,818,-51853,c1
3,225,818,-51856,c1
1,227,820,-51857,c1
1,227,820,-51858,c1
1,227,820,-51859,c1
1,227,820,-51860,c1
1,227,820,-51861,c1
1,227,820,-51862,c1
3,225,818,-51865,c1
9,219,812,-51874,c1
2,226,819,-51876,c1
1,227,820,-51877,c1
4,224,817,-51881,c1
480,-252,341,-52361,c1
2,226,819,-52363,c1
0,228,821,-52363,c1
0,228,821,-52363,c1
1,227,820,-52364,c1
1,227,820,-52365,c1
2,226,819,-52367,c1
0,228,821,-52367,c1
1,227,820,-52368,c1
1,227,820,-52369,c1
44,184,777,-52413,c1
1,227,820,-52414,c1
1,227,820,-52415,c1
1,227,820,-52416,c1
36,192,785,-52452,c1
7,221,814,-52459,c1
1,227,820,-52460,c1
1,227,820,-52461,c1
8,220,813,-52469,c1
45,183,776,-52514,c1
5,223,816,-52519,c1
1,227,820,-52520,c1
1,227,820,-52521,c1
1,227,820,-52522,c1
15,213,806,-52537,c1
4,224,817,-52541,c1
1,227,820,-52542,c1
10,218,811,-52552,c1
2,226,819,-52554,c1
5,223,816,-52559,c1
22,206,799,-52581,c1
2,226,819,-52583,c1
91,137,730,-52674,c1
162,66,659,-52836,c1
1,227,820,-52837,c1
3,225,818,-52840,c1
2,226,819,-52842,c1
3,225,818,-52845,c1
4,224,817,-52849,c1
39,189,782,-52888,c1
1,227,820,-52889,c1
5,223,816,-52894,c1
1,227,820,-52895,c1
2,226,819,-52897,c1
5,223,816,-52902,c1
1,227,820,-52903,c1
174,54,647,-53077,c1
1,227,820,-53078,c1
2,226,819,-53080,c1
34,194,787,-53114,c1
1,227,820,-53115,c1
9,219,812,-53124,c1
1,227,820,-53125,c1
11,217,810,-53136,c1
29,199,792,-53165,c1
2,226,819,-53167,c1
2,226,819,-53169,c1
1,227,820,-53170,c1
1,227,820,-53171,c1
2,226,819,-53173,c1
1,227,820,-53174,c1
3,225,818,-53177,c1
5,223,816,-53182,c1
1,227,820,-53183,c1
2,226,819,-53185,c1
26,202,795,-53211,c1
1,227,820,-53212,c1
0,228,821,-53212,c1
5,223,816,-53217,c1
3,225,818,-53220,c1
2,226,819,-53222,c1
1,227,820,-53223,c1
2,226,819,-53225,c1
31,197,790,-53256,c1
20,208,801,-53276,c1
3,225,818,-53279,c1
4,224,817,-53283,c1
1,227,820,-53284,c1
3,225,818,-53287,c1
37,191,784,-53324,c1
1,227,820,-53325,c1
1,227,820,-53326,c1
21,207,800,-53347,c1
5,223,816,-53352,c1
0,228,821,-53352,c1
1,227,820,-53353,c1
0,228,821,-53353,c1
3,225,818,-53356,c1
2,226,819,-53358,c1
1,227,820,-53359,c1
1,227,820,-53360,c1
1,227,820,-53361,c1
20,208,801,-53381,c1
2,226,819,-53383,c1
1,227,820,-53384,c1
5,223,816,-53389,c1
3,225,818,-53392,c1
1,227,820,-53393,c1
1,227,820,-53394,c1
1,227,820,-53395,c1
0,228,821,-53395,c1
2,226,819,-53397,c1
6,222,815,-53403,c1
1,227,820,-53404,c1
14,214,807,-53418,c1
27,201,794,-53445,c1
7,221,814,-53452,c1
2,226,819,-53454,c1
1,227,820,-53455,c1
31,197,790,-53486,c1
1,227,820,-53487,c1
33,195,788,-53520,c1
12,216,809,-53532,c1
4,224,817,-53536,c1
20,208,801,-53556,c1
7,221,814,-53563,c1
1,227,820,-53564,c1
2,226,819,-53566,c1
2,226,819,-53568,c1
1,227,820,-53569,c1
1,227,820,-53570,c1
1,227,820,-53571,c1
5,223,816,-53576,c1
89,139,732,-53665,c1
103,125,718,-53768,c1
6,222,815,-53774,c1
1,227,820,-53775,c1
14,214,807,-53789,c2
5,223,816,-53794,c1
88,140,733,-53882,c1
2,226,819,-53884,c1
1,227,820,-53885,c1
6,222,815,-53891,c1
5,223,816,-53896,c1
6,222,815,-53902,c1
2,226,819,-53904,c1
620,-392,201,-54524,c1
3,225,818,-54527,c1
15,213,806,-54542,c1
22,206,799,-54564,c1
1,227,820,-54565,c1
17,211,804,-54582,c1
1,227,820,-54583,c1
22,206,799,-54605,c1
5,223,816,-54610,c1
2,226,819,-54612,c1
2,226,819,-54614,c1
139,89,682,-54753,c1
1,227,820,-54754,c1
1,227,820,-54755,c1
1,227,820,-54756,c1
5,223,816,-54761,c1
2,226,819,-54763,c1
2,226,819,-54765,c1
25,203,796,-54790,c1
2,226,819,-54792,c1
2,226,819,-54794,c1
4,224,817,-54798,c1
1,227,820,-54799,c1
0,228,821,-54799,c1
0,228,821,-54799,c1
31,197,790,-54830,c1
1,227,820,-54831,c1
6,222,815,-54837,c1
22,206,799,-54859,c1
25,203,796,-54884,c1
23,205,798,-54907,c1
0,228,821,-54907,c1
23,205,798,-54930,c1
23,205,798,-54953,c1
3,225,818,-54956,c1
147,81,674,-55103,c1
1,227,820,-55104,c1
2,226,819,-55106,c1
1,227,820,-55107,c1
1,227,820,-55108,c1
1,227,820,-55109,c1
1,227,820,-55110,c1
32,196,789,-55142,c1
1,227,820,-55143,c1
41,187,780,-55184,c1
42,186,779,-55226,c1
8,220,813,-55234,c1
0,228,821,-55234,c1
2,226,819,-55236,c1
10,218,811,-55246,c1
2,226,819,-55248,c1
10,218,811,-55258,c1
43,185,778,-55301,c1
13,215,808,-55314,c1
2,226,819,-55316,c1
6,222,815,-55322,c1
1,227,820,-55323,c1
1,227,820,-55324,c1
1,227,820,-55325,c1
2,226,819,-55327,c1
3,225,818,-55330,c1
2,226,819,-55332,c1
3,225,818,-55335,c1
1,227,820,-55336,c1
5,223,816,-55341,c1
4,224,817,-55345,c1
1,227,820,-55346,c1
1,227,820,-55347,c1
1,227,820,-55348,c1
1,227,820,-55349,c1
1,227,820,-55350,c1
17,211,804,-55367,c1
22,206,799,-55389,c1
1,227,820,-55390,c1
1,227,820,-55391,c1
23,205,798,-55414,c1
3,225,818,-55417,c1
2,226,819,-55419,c1
0,228,821,-55419,c1
2,226,819,-55421,c1
1,227,820,-55422,c1
4,224,817,-55426,c1
1,227,820,-55427,c1
1,227,820,-55428,c1
1,227,820,-55429,c1
1,227,820,-55430,c1
2,226,819,-55432,c1
1,227,820,-55433,c1
1,227,820,-55434,c1
1,227,820,-55435,c1
1,227,820,-55436,c1
65,163,756,-55501,c1
122,106,699,-55623,c1
1,227,820,-55624,c1
1,227,820,-55625,c1
1,227,820,-55626,c1
1,227,820,-55627,c1
1,227,820,-55628,c1
67,161,754,-55695,c1
1,227,820,-55696,c1
44,184,777,-55740,c1
14,214,807,-55754,c1
7,221,814,-55761,c1
1,227,820,-55762,c1
1,227,820,-55763,c1
11,217,810,-55774,c1
1,227,820,-55775,c1
1,227,820,-55776,c1
1,227,820,-55777,c1
3,225,818,-55780,c1
3,225,818,-55783,c1
1,227,820,-55784,c1
4,224,817,-55788,c1
3,225,818,-55791,c1
1,227,820,-55792,c1
2,226,819,-55794,c1
2,226,819,-55796,c1
6,222,815,-55802,c1
14,214,807,-55816,c1
5,223,816,-55821,c1
8,220,813,-55829,c1
1,227,820,-55830,c1
3,225,818,-55833,c1
1,227,820,-55834,c1
2,226,819,-55836,c1
12,216,809,-55848,c1
19,209,802,-55867,c1
3,225,818,-55870,c1
1,227,820,-55871,c1
6,222,815,-55877,c1
1,227,820,-55878,c1
1,227,820,-55879,c1
1,227,820,-55880,c1
1,227,820,-55881,c1
1,227,820,-55882,c1
6,222,815,-55888,c2
15,213,806,-55903,c1
6,222,815,-55909,c1
2,226,819,-55911,c1
12,216,809,-55923,c1
3,225,818,-55926,c1
2,226,819,-55928,c1
1,227,820,-55929,c1
1,227,820,-55930,c1
579,-351,242,-56509,c1
2,226,819,-56511,c1
1,227,820,-56512,c1
2,226,819,-56514,c1
0,228,821,-56514,c1
23,205,798,-56537,c1
7,221,814,-56544,c1
0,228,821,-56544,c1
1,227,820,-56545,c1
4,224,817,-56549,c1
1,227,820,-56550,c1
2,226,819,-56552,c1
1,227,820,-56553,c1
78,150,743,-56631,c1
21,207,800,-56652,c1
1,227,820,-56653,c1
1,227,820,-56654,c1
2,226,819,-56656,c1
190,38,631,-56846,c1
40,188,781,-56886,c1
3,225,818,-56889,c1
9,219,812,-56898,c1
16,212,805,-56914,c1
71,157,750,-56985,c1
20,208,801,-57005,c1
2,226,819,-57007,c1
2,226,819,-57009,c1
2,226,819,-57011,c1
1,227,820,-57012,c1
3,225,818,-57015,c1
13,215,808,-57028,c1
1,227,820,-57029,c1
2,226,819,-57031,c1
1,227,820,-57032,c1
4,224,817,-57036,c1
8,220,813,-57044,c1
2,226,819,-57046,c1
16,212,805,-57062,c1
18,210,803,-57080,c1
26,202,795,-57106,c1
1,227,820,-57107,c1
1,227,820,-57108,c1
43,185,778,-57151,c1
1,227,820,-57152,c1
1,227,820,-57153,c1
18,210,803,-57171,c1
5,223,816,-57176,c1
1,227,820,-57177,c1
1,227,820,-57178,c1
3,225,818,-57181,c1
94,134,727,-57275,c1
1,227,820,-57276,c1
56,172,765,-57332,c1
46,182,775,-57378,c1
103,125,718,-57481,c1
3,225,818,-57484,c1
1,227,820,-57485,c1
1,227,820,-57486,c1
15,213,806,-57501,c1
1,227,820,-57502,c1
1,227,820,-57503,c1
27,201,794,-57530,c1
15,213,806,-57545,c1
3,225,818,-57548,c1
25,203,796,-57573,c1
18,210,803,-57591,c1
21,207,800,-57612,c1
10,218,811,-57622,c1
31,197,790,-57653,c1
1,227,820,-57654,c1
0,228,821,-57654,c1
0,228,821,-57654,c1
24,204,797,-57678,c1
13,215,808,-57691,c1
2,226,819,-57693,c1
42,186,779,-57735,c1
1,227,820,-57736,c1
7,221,814,-57743,c1
1,227,820,-57744,c1
51,177,770,-57795,c1
2,226,819,-57797,c1
1,227,820,-57798,c1
43,185,778,-57841,c1
2,226,819,-57843,c1
9,219,812,-57852,c1
1,227,820,-57853,c1
12,216,809,-57865,c1
2,226,819,-57867,c1
1,227,820,-57868,c1
1,227,820,-57869,c1
4,224,817,-57873,c1
0,228,821,-57873,c1
1,227,820,-57874,c1
1,227,820,-57875,c1
2,226,819,-57877,c1
4,224,817,-57881,c1
0,228,821,-57881,c1
1,227,820,-57882,c1
18,210,803,-57900,c1
14,214,807,-57914,c1
1,227,820,-57915,c1
43,185,778,-57958,c1
201,27,620,-58159,c1
1,227,820,-58160,c1
3,225,818,-58163,c1
2,226,819,-58165,c1
1,227,820,-58166,c1
3,225,818,-58169,c1
1,227,820,-58170,c1
305,-77,516,-58475,c2
3,225,818,-58478,c1
2,226,819,-58480,c1
44,184,777,-58524,c1
6,222,815,-58530,c1
3,225,818,-58533,c1
3,225,818,-58536,c1
6,222,815,-58542,c1
15,213,806,-58557,c1
1064,-836,-243,-59621,c1
1,227,820,-59622,c1
3,225,818,-59625,c1
1,227,820,-59626,c1
1,227,820,-59627,c1
2,226,819,-59629,c1
1,227,820,-59630,c1
2,226,819,-59632,c1
3,225,818,-59635,c1
213,15,608,-59848,c1
24,204,797,-59872,c1
1,227,820,-59873,c1
1,227,820,-59874,c1
1,227,820,-59875,c1
1,227,820,-59876,c1
7,221,814,-59883,c1
1,227,820,-59884,c1
1,227,820,-59885,c1
1,227,820,-59886,c1
8,220,813,-59894,c1
1,227,820,-59895,c1
2,226,819,-59897,c1
41,187,780,-59938,c1
7,221,814,-59945,c1
10,218,811,-59955,c1
8,220,813,-59963,c1
3,225,818,-59966,c1
1,227,820,-59967,c1
60,168,761,-60027,c1
2,226,819,-60029,c1
1,227,820,-60030,c1
1,227,820,-60031,c1
1,227,820,-60032,c1
1,227,820,-60033,c1
9,219,812,-60042,c1
1,227,820,-60043,c1
2,226,819,-60045,c1
1,227,820,-60046,c1
7,221,814,-60053,c1
2,226,819,-60055,c1
1,227,820,-60056,c1
1,227,820,-60057,c1
1,227,820,-60058,c1
46,182,775,-60104,c1
2,226,819,-60106,c1
2,226,819,-60108,c1
2,226,819,-60110,c1
21,207,800,-60131,c1
76,152,745,-60207,c1
1,227,820,-60208,c1
1,227,820,-60209,c1
3,225,818,-60212,c1
4,224,817,-60216,c1
1,227,820,-60217,c1
1,227,820,-60218,c1
3,225,818,-60221,c1
3,225,818,-60224,c1
1,227,820,-60225,c1
2,226,819,-60227,c1
3,225,818,-60230,c1
5,223,816,-60235,c1
1,227,820,-60236,c1
1,227,820,-60237,c1
1,227,820,-60238,c1
2,226,819,-60240,c1
13,215,808,-60253,c1
34,194,787,-60287,c1
1,227,820,-60288,c1
0,228,821,-60288,c1
2,226,819,-60290,c1
1,227,820,-60291,c1
3,225,818,-60294,c1
2,226,819,-60296,c1
6,222,815,-60302,c1
1,227,820,-60303,c1
1,227,820,-60304,c1
5,223,816,-60309,c1
6,222,815,-60315,c1
130,98,691,-60445,c1
8,220,813,-60453,c1
6,222,815,-60459,c1
69,159,752,-60528,c1
22,206,799,-60550,c1
1,227,820,-60551,c1
1,227,820,-60552,c1
1,227,820,-60553,c1
1,227,820,-60554,c1
3,225,818,-60557,c1
3,225,818,-60560,c1
24,204,797,-60584,c1
2,226,819,-60586,c1
5,223,816,-60591,c1
2,226,819,-60593,c1
12,216,809,-60605,c1
2,226,819,-60607,c1
21,207,800,-60628,c1
1,227,820,-60629,c1
2,226,819,-60631,c1
2,226,819,-60633,c1
1,227,820,-60634,c1
7,221,814,-60641,c1
15,213,806,-60656,c1
1,227,820,-60657,c1
4,224,817,-60661,c1
1,227,820,-60662,c1
2,226,819,-60664,c1
1,227,820,-60665,c1
1,227,820,-60666,c1
1,227,820,-60667,c1
1,227,820,-60668,c1
44,184,777,-60712,c1
1,227,820,-60713,c1
17,211,804,-60730,c1
2,226,819,-60732,c1
6,222,815,-60738,c1
48,180,773,-60786,c1
42,186,779,-60828,c1
1,227,820,-60829,c1
1,227,820,-60830,c1
2,226,819,-60832,c1
1,227,820,-60833,c1
4,224,817,-60837,c1
1,227,820,-60838,c1
1,227,820,-60839,c1
1,227,820,-60840,c1
1,227,820,-60841,c1
32,196,789,-60873,c1
5,223,816,-60878,c1
16,212,805,-60894,c1
4,224,817,-60898,c1
1,227,820,-60899,c1
1,227,820,-60900,c1
1,227,820,-60901,c1
1,227,820,-60902,c1
3,225,818,-60905,c1
1,227,820,-60906,c1
2,226,819,-60908,c1
1,227,820,-60909,c1
1,227,820,-60910,c1
1,227,820,-60911,c1
1,227,820,-60912,c1
11,217,810,-60923,c1
2,226,819,-60925,c1
7,221,814,-60932,c1
29,199,792,-60961,c1
1,227,820,-60962,c1
0,228,821,-60962,c1
1,227,820,-60963,c1
1,227,820,-60964,c1
1,227,820,-60965,c1
2,226,819,-60967,c1
3,225,818,-60970,c1
4,224,817,-60974,c1
2,226,819,-60976,c1
6,222,815,-60982,c1
4,224,817,-60986,c1
1,227,820,-60987,c1
6,222,815,-60993,c1
7,221,814,-61000,c1
1,227,820,-61001,c1
489,-261,332,-61490,c1
1,227,820,-61491,c1
1,227,820,-61492,c1
101,127,720,-61593,c1
5,223,816,-61598,c1
1,227,820,-61599,c1
2,226,819,-61601,c1
47,181,774,-61648,c1
2,226,819,-61650,c1
15,213,806,-61665,c1
6,222,815,-61671,c1
1,227,820,-61672,c1
4,224,817,-61676,c1
1,227,820,-61677,c1
1,227,820,-61678,c1
27,201,794,-61705,c1
5,223,816,-61710,c1
21,207,800,-61731,c1
32,196,789,-61763,c1
1,227,820,-61764,c1
1,227,820,-61765,c1
1,227,820,-61766,c1
1,227,820,-61767,c1
2,226,819,-61769,c1
0,228,821,-61769,c1
4,224,817,-61773,c1
125,103,696,-61898,c1
2,226,819,-61900,c1
3,225,818,-61903,c1
1,227,820,-61904,c1
37,191,784,-61941,c1
21,207,800,-61962,c1
4,224,817,-61966,c1
30,198,791,-61996,c1
4,224,817,-62000,c1
1,227,820,-62001,c1
1,227,820,-62002,c1
1,227,820,-62003,c1
1,227,820,-62004,c1
1,227,820,-62005,c1
1,227,820,-62006,c1
1,227,820,-62007,c1
1,227,820,-62008,c1
1,227,820,-62009,c1
9,219,812,-62018,c1
123,105,698,-62141,c1
1,227,820,-62142,c1
6,222,815,-62148,c1
1,227,820,-62149,c1
1,227,820,-62150,c1
21,207,800,-62171,c1
1,227,820,-62172,c1
22,206,799,-62194,c1
1,227,820,-62195,c1
5,223,816,-62200,c1
13,215,808,-62213,c1
1,227,820,-62214,c1
8,220,813,-62222,c1
1,227,820,-62223,c1
1,227,820,-62224,c1
4,224,817,-62228,c1
24,204,797,-62252,c1
1,227,820,-62253,c1
3,225,818,-62256,c1
3,225,818,-62259,c1
1,227,820,-62260,c1
1,227,820,-62261,c1
1,227,820,-62262,c1
1,227,820,-62263,c1
1,227,820,-62264,c1
25,203,796,-62289,c1
9,219,812,-62298,c1
4,224,817,-62302,c1
7,221,814,-62309,c1
2,226,819,-62311,c1
2,226,819,-62313,c1
2,226,819,-62315,c1
64,164,757,-62379,c1
63,165,758,-62442,c1
1,227,820,-62443,c1
1,227,820,-62444,c1
14,214,807,-62458,c1
84,144,737,-62542,c1
2,226,819,-62544,c1
1,227,820,-62545,c1
17,211,804,-62562,c1
2,226,819,-62564,c1
9,219,812,-62573,c1
48,180,773,-62621,c1
9,219,812,-62630,c1
1,227,820,-62631,c1
2,226,819,-62633,c1
4,224,817,-62637,c1
267,-39,554,-62904,c1
1,227,820,-62905,c1
1,227,820,-62906,c1
1,227,820,-62907,c1
3,225,818,-62910,c1
1,227,820,-62911,c1
1,227,820,-62912,c1
12,216,809,-62924,c1
3,225,818,-62927,c1
11,217,810,-62938,c1
2,226,819,-62940,c1
2,226,819,-62942,c1
2,226,819,-62944,c1
17,211,804,-62961,c1
1,227,820,-62962,c1
2,226,819,-62964,c1
1,227,820,-62965,c1
4,224,817,-62969,c1
1,227,820,-62970,c1
1,227,820,-62971,c1
6,222,815,-62977,c1
1,227,820,-62978,c1
2,226,819,-62980,c1
1,227,820,-62981,c1
2,226,819,-62983,c1
34,194,787,-63017,c1
1,227,820,-63018,c1
1,227,820,-63019,c1
3,225,818,-63022,c1
2,226,819,-63024,c1
43,185,778,-63067,c1
80,148,741,-63147,c1
6,222,815,-63153,c1
8,220,813,-63161,c1
27,201,794,-63188,c1
78,150,743,-63266,c1
2,226,819,-63268,c1
1,227,820,-63269,c1
3,225,818,-63272,c1
1,227,820,-63273,c1
1,227,820,-63274,c1
1,227,820,-63275,c1
1,227,820,-63276,c1
1,227,820,-63277,c1
1,227,820,-63278,c1
8,220,813,-63286,c1
1,227,820,-63287,c1
1,227,820,-63288,c1
3,225,818,-63291,c1
1,227,820,-63292,c1
1,227,820,-63293,c1
2,226,819,-63295,c1
2,226,819,-63297,c1
99,129,722,-63396,c1
1,227,820,-63397,c1
18,210,803,-63415,c1
1,227,820,-63416,c1
8,220,813,-63424,c1
2,226,819,-63426,c1
1,227,820,-63427,c1
214,14,607,-63641,c1
2,226,819,-63643,c1
1,227,820,-63644,c1
3,225,818,-63647,c1
24,204,797,-63671,c1
55,173,766,-63726,c1
11,217,810,-63737,c1
1,227,820,-63738,c1
1,227,820,-63739,c1
1,227,820,-63740,c1
1,227,820,-63741,c1
2,226,819,-63743,c1
1,227,820,-63744,c1
9,219,812,-63753,c1
2,226,819,-63755,c1
1,227,820,-63756,c1
1,227,820,-63757,c1
4,224,817,-63761,c1
2,226,819,-63763,c1
9,219,812,-63772,c1
1,227,820,-63773,c1
3,225,818,-63776,c1
2,226,819,-63778,c1
6,222,815,-63784,c1
1,227,820,-63785,c1
15,213,806,-63800,c1
1,227,820,-63801,c1
7,221,814,-63808,c1
1,227,820,-63809,c1
1,227,820,-63810,c1
19,209,802,-63829,c1
1,227,820,-63830,c1
6,222,815,-63836,c1
1,227,820,-63837,c1
1,227,820,-63838,c1
0,228,821,-63838,c1
1,227,820,-63839,c1
3,225,818,-63842,c1
93,135,728,-63935,c1
7,221,814,-63942,c1
2,226,819,-63944,c1
1,227,820,-63945,c1
4,224,817,-63949,c1
4,224,817,-63953,c1
4,224,817,-63957,c1
3,225,818,-63960,c1
9,219,812,-63969,c1
32,196,789,-64001,c1
1,227,820,-64002,c1
1,227,820,-64003,c1
4,224,817,-64007,c1
1,227,820,-64008,c1
3,225,818,-64011,c1
1,227,820,-64012,c1
1,227,820,-64013,c1
1,227,820,-64014,c1
1,227,820,-64015,c1
9,219,812,-64024,c1
1,227,820,-64025,c1
12,216,809,-64037,c1
1,227,820,-64038,c1
2,226,819,-64040,c1
1,227,820,-64041,c1
1,227,820,-64042,c1
3,225,818,-64045,c1
5,223,816,-64050,c1
78,150,743,-64128,c1
10,218,811,-64138,c1
1,227,820,-64139,c1
2,226,819,-64141,c1
47,181,774,-64188,c1
60,168,761,-64248,c1
4,224,817,-64252,c1
1,227,820,-64253,c1
2,226,819,-64255,c1
2,226,819,-64257,c1
1,227,820,-64258,c1
1,227,820,-64259,c1
11,217,810,-64270,c1
5,223,816,-64275,c1
3,225,818,-64278,c1
1,227,820,-64279,c1
1,227,820,-64280,c1
3,225,818,-64283,c1
1,227,820,-64284,c1
0,228,821,-64284,c1
1,227,820,-64285,c1
2,226,819,-64287,c1
1,227,820,-64288,c1
5,223,816,-64293,c1
1,227,820,-64294,c1
8,220,813,-64302,c1
14,214,807,-64316,c1
11,217,810,-64327,c1
2,226,819,-64329,c1
1,227,820,-64330,c1
213,15,608,-64543,c1
8,220,813,-64551,c1
2,226,819,-64553,c1
11,217,810,-64564,c1
1,227,820,-64565,c1
2,226,819,-64567,c1
1,227,820,-64568,c1
3,225,818,-64571,c1
29,199,792,-64600,c1
63,165,758,-64663,c1
5,223,816,-64668,c1
76,152,745,-64744,c1
25,203,796,-64769,c1
1,227,820,-64770,c1
5,223,816,-64775,c1
8,220,813,-64783,c1
1,227,820,-64784,c1
1,227,820,-64785,c1
4,224,817,-64789,c1
11,217,810,-64800,c1
11,217,810,-64811,c1
2,226,819,-64813,c1
24,204,797,-64837,c1
1,227,820,-64838,c1
2,226,819,-64840,c1
26,202,795,-64866,c1
12,216,809,-64878,c1
1,227,820,-64879,c1
2,226,819,-64881,c1
1,227,820,-64882,c1
13,215,808,-64895,c1
3,225,818,-64898,c1
1,227,820,-64899,c1
1,227,820,-64900,c1
7,221,814,-64907,c1
9,219,812,-64916,c1
4,224,817,-64920,c1
12,216,809,-64932,c1
2,226,819,-64934,c1
4,224,817,-64938,c1
38,190,783,-64976,c1
2,226,819,-64978,c1
2,226,819,-64980,c1
1,227,820,-64981,c1
1,227,820,-64982,c1
8,220,813,-64990,c1
2,226,819,-64992,c1
10,218,811,-65002,c1
1,227,820,-65003,c1
1,227,820,-65004,c1
33,195,788,-65037,c1
3,225,818,-65040,c1
1,227,820,-65041,c1
1,227,820,-65042,c1
1,227,820,-65043,c1
9,219,812,-65052,c1
1,227,820,-65053,c1
1,227,820,-65054,c1
6,222,815,-65060,c1
2,226,819,-65062,c1
5,223,816,-65067,c1
1,227,820,-65068,c1
4,224,817,-65072,c1
2,226,819,-65074,c1
1,227,820,-65075,c1
1,227,820,-65076,c1
1,227,820,-65077,c1
1,227,820,-65078,c1
3,225,818,-65081,c1
2,226,819,-65083,c1
5,223,816,-65088,c1
103,125,718,-65191,c1
1,227,820,-65192,c1
14,214,807,-65206,c1
19,209,802,-65225,c1
2,226,819,-65227,c1
2,226,819,-65229,c1
1,227,820,-65230,c1
1,227,820,-65231,c1
2,226,819,-65233,c1
5,223,816,-65238,c1
26,202,795,-65264,c1
4,224,817,-65268,c1
2,226,819,-65270,c1
93,135,728,-65363,c1
1,227,820,-65364,c1
4,224,817,-65368,c1
2,226,819,-65370,c1
88,140,733,-65458,c1
31,197,790,-65489,c1
2,226,819,-65491,c1
1,227,820,-65492,c1
1,227,820,-65493,c1
3,225,818,-65496,c1
12,216,809,-65508,c1
3,225,818,-65511,c1
1,227,820,-65512,c1
41,187,780,-65553,c1
1,227,820,-65554,c1
5,223,816,-65559,c1
29,199,792,-65588,c1
1,227,820,-65589,c1
1,227,820,-65590,c1
1,227,820,-65591,c1
1,227,820,-65592,c1
1,227,820,-65593,c1
5,223,816,-65598,c1
0,228,821,-65598,c1
3,225,818,-65601,c1
1,227,820,-65602,c1
24,204,797,-65626,c1
2,226,819,-65628,c1
4,224,817,-65632,c1
5,223,816,-65637,c1
11,217,810,-65648,c1
20,208,801,-65668,c1
1,227,820,-65669,c1
3,225,818,-65672,c1
1,227,820,-65673,c1
3,225,818,-65676,c1
5,223,816,-65681,c1
1,227,820,-65682,c1
1,227,820,-65683,c1
6,222,815,-65689,c1
2,226,819,-65691,c1
7,221,814,-65698,c1
109,119,712,-65807,c1
1,227,820,-65808,c1
14,214,807,-65822,c1
34,194,787,-65856,c1
25,203,796,-65881,c1
45,183,776,-65926,c1
1,227,820,-65927,c1
3,225,818,-65930,c1
0,228,821,-65930,c1
3,225,818,-65933,c1
7,221,814,-65940,c1
1,227,820,-65941,c1
1,227,820,-65942,c1
3,225,818,-65945,c1
1,227,820,-65946,c1
3,225,818,-65949,c1
5,223,816,-65954,c1
0,228,821,-65954,c1
265,-37,556,-66219,c1
1,227,820,-66220,c1
35,193,786,-66255,c1
9,219,812,-66264,c1
3,225,818,-66267,c1
1,227,820,-66268,c1
1,227,820,-66269,c1
1,227,820,-66270,c1
11,217,810,-66281,c1
2,226,819,-66283,c1
3,225,818,-66286,c1
2,226,819,-66288,c1
1,227,820,-66289,c1
1,227,820,-66290,c1
11,217,810,-66301,c1
2,226,819,-66303,c1
2,226,819,-66305,c1
59,169,762,-66364,c1
2,226,819,-66366,c1
7,221,814,-66373,c1
1,227,820,-66374,c1
48,180,773,-66422,c1
6,222,815,-66428,c1
2,226,819,-66430,c1
5,223,816,-66435,c1
350,-122,471,-66785,c1
16,212,805,-66801,c1
2,226,819,-66803,c1
2,226,819,-66805,c1
1,227,820,-66806,c1
1,227,820,-66807,c1
104,124,717,-66911,c1
2,226,819,-66913,c1
2,226,819,-66915,c1
1,227,820,-66916,c1
10,218,811,-66926,c1
2,226,819,-66928,c1
1,227,820,-66929,c1
2,226,819,-66931,c1
1,227,820,-66932,c1
13,215,808,-66945,c1
47,181,774,-66992,c1
4,224,817,-66996,c1
2,226,819,-66998,c1
77,151,744,-67075,c1
1,227,820,-67076,c1
7,221,814,-67083,c1
0,228,821,-67083,c1
1,227,820,-67084,c1
4,224,817,-67088,c1
1,227,820,-67089,c1
4,224,817,-67093,c1
3,225,818,-67096,c1
1,227,820,-67097,c1
148,80,673,-67245,c1
5,223,816,-67250,c1
109,119,712,-67359,c1
6,222,815,-67365,c1
74,154,747,-67439,c1
2,226,819,-67441,c1
3,225,818,-67444,c1
4,224,817,-67448,c1
61,167,760,-67509,c1
2,226,819,-67511,c1
2,226,819,-67513,c1
6,222,815,-67519,c1
5,223,816,-67524,c1
2,226,819,-67526,c1
3,225,818,-67529,c1
1,227,820,-67530,c1
2,226,819,-67532,c1
1,227,820,-67533,c1
1,227,820,-67534,c1
1,227,820,-67535,c1
12,216,809,-67547,c1
18,210,803,-67565,c1
44,184,777,-67609,c1
4,224,817,-67613,c1
1,227,820,-67614,c1
16,212,805,-67630,c1
1,227,820,-67631,c1
3,225,818,-67634,c1
17,211,804,-67651,c1
1,227,820,-67652,c1
1,227,820,-67653,c1
1,227,820,-67654,c1
1,227,820,-67655,c1
14,214,807,-67669,c1
13,215,808,-67682,c1
3,225,818,-67685,c1
4,224,817,-67689,c1
36,192,785,-67725,c1
7,221,814,-67732,c1
1,227,820,-67733,c1
1,227,820,-67734,c1
6,222,815,-67740,c1
1,227,820,-67741,c1
1,227,820,-67742,c1
2,226,819,-67744,c1
19,209,802,-67763,c1
2,226,819,-67765,c2
0,228,821,-67765,c1
1,227,820,-67766,c1
4,224,817,-67770,c1
34,194,787,-67804,c1
5,223,816,-67809,c1
34,194,787,-67843,c1
85,143,736,-67928,c1
1,227,820,-67929,c1
1310,-1082,-489,-69239,c1
2,226,819,-69241,c1
12,216,809,-69253,c1
16,212,805,-69269,c1
7,221,814,-69276,c1
1,227,820,-69277,c1
2,226,819,-69279,c1
2,226,819,-69281,c1
41,187,780,-69322,c1
4,224,817,-69326,c1
5,223,816,-69331,c1
14,214,807,-69345,c1
1,227,820,-69346,c1
2,226,819,-69348,c1
1,227,820,-69349,c1
14,214,807,-69363,c1
11,217,810,-69374,c1
11,217,810,-69385,c1
1,227,820,-69386,c1
1,227,820,-69387,c1
2,226,819,-69389,c1
44,184,777,-69433,c1
1,227,820,-69434,c1
1,227,820,-69435,c1
1,227,820,-69436,c1
1,227,820,-69437,c1
3,225,818,-69440,c1
1,227,820,-69441,c1
5,223,816,-69446,c1
7,221,814,-69453,c1
1,227,820,-69454,c1
3,225,818,-69457,c1
2,226,819,-69459,c1
1,227,820,-69460,c1
9,219,812,-69469,c1
1,227,820,-69470,c1
1,227,820,-69471,c1
3,225,818,-69474,c1
6,222,815,-69480,c1
3,225,818,-69483,c1
1,227,820,-69484,c1
1,227,820,-69485,c1
1,227,820,-69486,c1
1,227,820,-69487,c1
2,226,819,-69489,c1
0,228,821,-69489,c1
0,228,821,-69489,c1
2,226,819,-69491,c1
1,227,820,-69492,c1
4,224,817,-69496,c1
1,227,820,-69497,c1
2,226,819,-69499,c1
156,72,665,-69655,c1
2,226,819,-69657,c1
1,227,820,-69658,c1
3,225,818,-69661,c1
88,140,733,-69749,c1
32,196,789,-69781,c1
20,208,801,-69801,c1
4,224,817,-69805,c1
1,227,820,-69806,c1
3,225,818,-69809,c1
1,227,820,-69810,c1
2,226,819,-69812,c1
4,224,817,-69816,c1
1,227,820,-69817,c1
2,226,819,-69819,c1
2,226,819,-69821,c1
0,228,821,-69821,c1
1,227,820,-69822,c1
6,222,815,-69828,c1
1,227,820,-69829,c1
24,204,797,-69853,c1
1,227,820,-69854,c1
2,226,819,-69856,c1
89,139,732,-69945,c1
6,222,815,-69951,c1
3,225,818,-69954,c1
33,195,788,-69987,c1
1,227,820,-69988,c1
13,215,808,-70001,c1
1,227,820,-70002,c1
197,31,624,-70199,c1
1,227,820,-70200,c1
1,227,820,-70201,c1
2,226,819,-70203,c1
1,227,820,-70204,c1
1,227,820,-70205,c1
1,227,820,-70206,c1
14,214,807,-70220,c1
3,225,818,-70223,c1
68,160,753,-70291,c1
9,219,812,-70300,c1
1,227,820,-70301,c1
53,175,768,-70354,c1
12,216,809,-70366,c1
1,227,820,-70367,c1
1,227,820,-70368,c1
1,227,820,-70369,c1
1,227,820,-70370,c1
5,223,816,-70375,c1
1,227,820,-70376,c1
57,171,764,-70433,c1
2,226,819,-70435,c1
3,225,818,-70438,c1
53,175,768,-70491,c1
2,226,819,-70493,c1
8,220,813,-70501,c1
2,226,819,-70503,c1
1,227,820,-70504,c1
12,216,809,-70516,c1
3,225,818,-70519,c1
28,200,793,-70547,c1
11,217,810,-70558,c1
1,227,820,-70559,c1
19,209,802,-70578,c1
1,227,820,-70579,c1
1,227,820,-70580,c1
3,225,818,-70583,c1
3,225,818,-70586,c1
5,223,816,-70591,c1
2,226,819,-70593,c1
0,228,821,-70593,c1
9,219,812,-70602,c1
3,225,818,-70605,c1
1,227,820,-70606,c1
8,220,813,-70614,c1
35,193,786,-70649,c1
1,227,820,-70650,c1
1,227,820,-70651,c1
13,215,808,-70664,c1
1,227,820,-70665,c1
10,218,811,-70675,c1
1,227,820,-70676,c1
1,227,820,-70677,c1
1,227,820,-70678,c1
8,220,813,-70686,c1
1,227,820,-70687,c1
1,227,820,-70688,c1
1,227,820,-70689,c1
2,226,819,-70691,c1
2,226,819,-70693,c1
3,225,818,-70696,c1
1,227,820,-70697,c1
2,226,819,-70699,c1
5,223,816,-70704,c1
1,227,820,-70705,c1
7,221,814,-70712,c1
1,227,820,-70713,c1
7,221,814,-70720,c1
1,227,820,-70721,c1
18,210,803,-70739,c1
3,225,818,-70742,c1
5,223,816,-70747,c1
2,226,819,-70749,c1
49,179,772,-70798,c1
1,227,820,-70799,c1
1,227,820,-70800,c1
18,210,803,-70818,c1
34,194,787,-70852,c1
4,224,817,-70856,c1
1,227,820,-70857,c1
1,227,820,-70858,c1
2,226,819,-70860,c1
1,227,820,-70861,c1
2,226,819,-70863,c1
2,226,819,-70865,c1
14,214,807,-70879,c1
7,221,814,-70886,c1
1,227,820,-70887,c1
1,227,820,-70888,c1
18,210,803,-70906,c1
3,225,818,-70909,c1
2,226,819,-70911,c1
2,226,819,-70913,c1
14,214,807,-70927,c1
4,224,817,-70931,c1
2,226,819,-70933,c1
4,224,817,-70937,c1
1,227,820,-70938,c1
4,224,817,-70942,c1
1,227,820,-70943,c1
1,227,820,-70944,c1
4,224,817,-70948,c1
337,-109,484,-71285,c1
1,227,820,-71286,c1
5,223,816,-71291,c1
0,228,821,-71291,c1
1,227,820,-71292,c1
1,227,820,-71293,c1
2,226,819,-71295,c1
54,174,767,-71349,c1
5,223,816,-71354,c1
1,227,820,-71355,c1
1,227,820,-71356,c1
4,224,817,-71360,c1
15,213,806,-71375,c1
3,225,818,-71378,c1
1,227,820,-71379,c1
296,-68,525,-71675,c1
1,227,820,-71676,c1
1,227,820,-71677,c1
23,205,798,-71700,c1
1,227,820,-71701,c1
1,227,820,-71702,c1
1,227,820,-71703,c1
1,227,820,-71704,c1
11,217,810,-71715,c1
79,149,742,-71794,c1
1,227,820,-71795,c1
1,227,820,-71796,c1
1,227,820,-71797,c1
1,227,820,-71798,c1
35,193,786,-71833,c1
4,224,817,-71837,c1
3,225,818,-71840,c1
1,227,820,-71841,c1
1,227,820,-71842,c1
1,227,820,-71843,c1
1,227,820,-71844,c1
15,213,806,-71859,c1
1,227,820,-71860,c1
2,226,819,-71862,c1
17,211,804,-71879,c1
29,199,792,-71908,c1
6,222,815,-71914,c1
3,225,818,-71917,c1
1,227,820,-71918,c1
1,227,820,-71919,c1
1,227,820,-71920,c1
3,225,818,-71923,c1
21,207,800,-71944,c1
1,227,820,-71945,c1
3,225,818,-71948,c1
1,227,820,-71949,c1
1,227,820,-71950,c1
1,227,820,-71951,c1
1,227,820,-71952,c1
1,227,820,-71953,c1
5,223,816,-71958,c1
2,226,819,-71960,c1
3,225,818,-71963,c1
1,227,820,-71964,c1
1,227,820,-71965,c1
5,223,816,-71970,c1
4,224,817,-71974,c1
1,227,820,-71975,c1
1,227,820,-71976,c1
1,227,820,-71977,c1
2,226,819,-71979,c1
3,225,818,-71982,c1
1,227,820,-71983,c1
3,225,818,-71986,c1
6,222,815,-71992,c1
130,98,691,-72122,c1
9,219,812,-72131,c1
1,227,820,-72132,c1
0,228,821,-72132,c1
1,227,820,-72133,c1
1,227,820,-72134,c1
35,193,786,-72169,c1
1,227,820,-72170,c1
11,217,810,-72181,c1
3,225,818,-72184,c1
2,226,819,-72186,c1
34,194,787,-72220,c1
4,224,817,-72224,c1
2,226,819,-72226,c1
17,211,804,-72243,c1
1,227,820,-72244,c1
33,195,788,-72277,c1
3,225,818,-72280,c1
22,206,799,-72302,c1
19,209,802,-72321,c1
8,220,813,-72329,c1
14,214,807,-72343,c1
4,224,817,-72347,c1
1,227,820,-72348,c1
5,223,816,-72353,c1
2,226,819,-72355,c1
1,227,820,-72356,c1
1,227,820,-72357,c1
1,227,820,-72358,c1
1,227,820,-72359,c1
93,135,728,-72452,c1
1,227,820,-72453,c1
2,226,819,-72455,c1
163,65,658,-72618,c1
2,226,819,-72620,c1
2,226,819,-72622,c1
1,227,820,-72623,c1
1,227,820,-72624,c1
2,226,819,-72626,c1
1,227,820,-72627,c1
1,227,820,-72628,c1
7,221,814,-72635,c1
3,225,818,-72638,c1
1,227,820,-72639,c1
4,224,817,-72643,c1
1,227,820,-72644,c1
2,226,819,-72646,c1
2,226,819,-72648,c1
1,227,820,-72649,c1
1,227,820,-72650,c1
2,226,819,-72652,c1
30,198,791,-72682,c1
2,226,819,-72684,c1
256,-28,565,-72940,c1
44,184,777,-72984,c1
1,227,820,-72985,c1
1,227,820,-72986,c1
1,227,820,-72987,c1
1,227,820,-72988,c1
2,226,819,-72990,c1
3,225,818,-72993,c1
1,227,820,-72994,c1
3,225,818,-72997,c1
1,227,820,-72998,c1
3,225,818,-73001,c1
3,225,818,-73004,c1
1,227,820,-73005,c1
3,225,818,-73008,c1
1,227,820,-73009,c1
10,218,811,-73019,c1
3,225,818,-73022,c1
3,225,818,-73025,c1
76,152,745,-73101,c1
2,226,819,-73103,c1
1,227,820,-73104,c1
1,227,820,-73105,c1
2,226,819,-73107,c1
104,124,717,-73211,c1
1,227,820,-73212,c1
1,227,820,-73213,c1
1,227,820,-73214,c1
14,214,807,-73228,c1
1,227,820,-73229,c1
2,226,819,-73231,c1
1,227,820,-73232,c1
1,227,820,-73233,c1
7,221,814,-73240,c1
4,224,817,-73244,c1
6,222,815,-73250,c1
2,226,819,-73252,c1
1,227,820,-73253,c1
4,224,817,-73257,c1
95,133,726,-73352,c1
6,222,815,-73358,c1
1,227,820,-73359,c1
5,223,816,-73364,c1
30,198,791,-73394,c1
3,225,818,-73397,c1
106,122,715,-73503,c1
1,227,820,-73504,c1
8,220,813,-73512,c1
5,223,816,-73517,c1
2,226,819,-73519,c1
4,224,817,-73523,c1
8,220,813,-73531,c1
2,226,819,-73533,c1
4,224,817,-73537,c1
192,36,629,-73729,c1
1,227,820,-73730,c2
52,176,769,-73782,c1
3,225,818,-73785,c1
3,225,818,-73788,c1
18,210,803,-73806,c1
1,227,820,-73807,c1
25,203,796,-73832,c1
2,226,819,-73834,c1
1,227,820,-73835,c1
631,-403,190,-74466,c1
7,221,814,-74473,c1
1,227,820,-74474,c1
4,224,817,-74478,c1
1,227,820,-74479,c1
8,220,813,-74487,c1
7,221,814,-74494,c1
1,227,820,-74495,c1
3,225,818,-74498,c1
1,227,820,-74499,c1
46,182,775,-74545,c1
211,17,610,-74756,c1
1,227,820,-74757,c1
4,224,817,-74761,c1
1,227,820,-74762,c1
17,211,804,-74779,c1
1,227,820,-74780,c1
4,224,817,-74784,c1
1,227,820,-74785,c1
11,217,810,-74796,c1
1,227,820,-74797,c1
1,227,820,-74798,c1
2,226,819,-74800,c1
2,226,819,-74802,c1
1,227,820,-74803,c1
0,228,821,-74803,c1
8,220,813,-74811,c1
45,183,776,-74856,c1
238,-10,583,-75094,c1
1,227,820,-75095,c1
1,227,820,-75096,c1
16,212,805,-75112,c1
1,227,820,-75113,c1
8,220,813,-75121,c1
2,226,819,-75123,c1
4,224,817,-75127,c1
1,227,820,-75128,c1
35,193,786,-75163,c1
49,179,772,-75212,c1
2,226,819,-75214,c1
46,182,775,-75260,c1
2,226,819,-75262,c1
14,214,807,-75276,c1
2,226,819,-75278,c1
2,226,819,-75280,c1
1,227,820,-75281,c1
2,226,819,-75283,c1
1,227,820,-75284,c1
17,211,804,-75301,c1
1,227,820,-75302,c1
8,220,813,-75310,c1
62,166,759,-75372,c1
2,226,819,-75374,c1
2,226,819,-75376,c1
1,227,820,-75377,c1
51,177,770,-75428,c1
6,222,815,-75434,c1
1,227,820,-75435,c1
13,215,808,-75448,c1
1,227,820,-75449,c1
8,220,813,-75457,c1
1,227,820,-75458,c1
34,194,787,-75492,c1
0,228,821,-75492,c1
2,226,819,-75494,c1
4,224,817,-75498,c1
1,227,820,-75499,c1
99,129,722,-75598,c2
3,225,818,-75601,c1
2,226,819,-75603,c1
3,225,818,-75606,c1
1,227,820,-75607,c1
8,220,813,-75615,c1
1,227,820,-75616,c1
135,93,686,-75751,c1
38,190,783,-75789,c1
750,-522,71,-76539,c1
1,227,820,-76540,c1
1,227,820,-76541,c1
1,227,820,-76542,c1
2,226,819,-76544,c1
1,227,820,-76545,c1
1,227,820,-76546,c1
1,227,820,-76547,c1
1,227,820,-76548,c1
1,227,820,-76549,c1
1,227,820,-76550,c1
1,227,820,-76551,c1
5,223,816,-76556,c1
10,218,811,-76566,c1
1,227,820,-76567,c1
6,222,815,-76573,c1
9,219,812,-76582,c1
5,223,816,-76587,c1
1,227,820,-76588,c1
1,227,820,-76589,c1
19,209,802,-76608,c1
1,227,820,-76609,c1
1,227,820,-76610,c1
1,227,820,-76611,c1
2,226,819,-76613,c1
24,204,797,-76637,c1
1,227,820,-76638,c1
4,224,817,-76642,c1
11,217,810,-76653,c1
1,227,820,-76654,c1
2,226,819,-76656,c1
114,114,707,-76770,c1
1,227,820,-76771,c1
14,214,807,-76785,c1
17,211,804,-76802,c1
12,216,809,-76814,c1
2,226,819,-76816,c1
1,227,820,-76817,c1
3,225,818,-76820,c1
11,217,810,-76831,c1
9,219,812,-76840,c1
4,224,817,-76844,c1
1,227,820,-76845,c1
3,225,818,-76848,c1
1,227,820,-76849,c1
0,228,821,-76849,c1
6,222,815,-76855,c1
1,227,820,-76856,c1
2,226,819,-76858,c1
3,225,818,-76861,c1
1,227,820,-76862,c1
5,223,816,-76867,c1
1,227,820,-76868,c1
6,222,815,-76874,c1
5,223,816,-76879,c1
3,225,818,-76882,c1
47,181,774,-76929,c1
11,217,810,-76940,c1
3,225,818,-76943,c1
6,222,815,-76949,c1
2,226,819,-76951,c1
3,225,818,-76954,c1
2,226,819,-76956,c1
1,227,820,-76957,c1
21,207,800,-76978,c1
2,226,819,-76980,c1
9,219,812,-76989,c1
30,198,791,-77019,c1
1,227,820,-77020,c1
1,227,820,-77021,c1
23,205,798,-77044,c1
3,225,818,-77047,c1
21,207,800,-77068,c1
1,227,820,-77069,c1
3,225,818,-77072,c1
4,224,817,-77076,c1
1,227,820,-77077,c1
21,207,800,-77098,c1
1,227,820,-77099,c1
3,225,818,-77102,c1
1,227,820,-77103,c1
1,227,820,-77104,c1
1,227,820,-77105,c1
1,227,820,-77106,c1
1,227,820,-77107,c1
224,4,597,-77331,c1
1,227,820,-77332,c1
1,227,820,-77333,c1
5,223,816,-77338,c1
58,170,763,-77396,c1
1,227,820,-77397,c1
1,227,820,-77398,c1
6,222,815,-77404,c1
6,222,815,-77410,c1
1,227,820,-77411,c1
1,227,820,-77412,c1
1,227,820,-77413,c1
0,228,821,-77413,c1
1,227,820,-77414,c1
9,219,812,-77423,c1
5,223,816,-77428,c1
1,227,820,-77429,c1
1,227,820,-77430,c1
4,224,817,-77434,c1
4,224,817,-77438,c1
1,227,820,-77439,c1
2,226,819,-77441,c1
25,203,796,-77466,c1
1,227,820,-77467,c1
10,218,811,-77477,c1
27,201,794,-77504,c1
38,190,783,-77542,c1
1,227,820,-77543,c1
3,225,818,-77546,c1
2,226,819,-77548,c1
2,226,819,-77550,c1
32,196,789,-77582,c1
3,225,818,-77585,c1
1,227,820,-77586,c1
3,225,818,-77589,c1
1,227,820,-77590,c1
1,227,820,-77591,c1
2,226,819,-77593,c1
0,228,821,-77593,c1
270,-42,551,-77863,c1
2,226,819,-77865,c1
1,227,820,-77866,c1
25,203,796,-77891,c1
1,227,820,-77892,c1
2,226,819,-77894,c1
2,226,819,-77896,c1
1,227,820,-77897,c1
1,227,820,-77898,c1
3,225,818,-77901,c1
162,66,659,-78063,c1
1,227,820,-78064,c1
1,227,820,-78065,c1
1,227,820,-78066,c1
1,227,820,-78067,c1
2,226,819,-78069,c1
1,227,820,-78070,c1
1,227,820,-78071,c1
1,227,820,-78072,c1
11,217,810,-78083,c1
26,202,795,-78109,c1
2,226,819,-78111,c1
2,226,819,-78113,c1
2,226,819,-78115,c1
2,226,819,-78117,c1
1,227,820,-78118,c1
4,224,817,-78122,c1
6,222,815,-78128,c1
5,223,816,-78133,c1
6,222,815,-78139,c1
6,222,815,-78145,c1
22,206,799,-78167,c1
14,214,807,-78181,c1
273,-45,548,-78454,c1
26,202,795,-78480,c1
6,222,815,-78486,c1
1,227,820,-78487,c1
1,227,820,-78488,c1
3,225,818,-78491,c1
1,227,820,-78492,c1
1,227,820,-78493,c1
1,227,820,-78494,c1
1,227,820,-78495,c1
5,223,816,-78500,c1
1,227,820,-78501,c1
1,227,820,-78502,c1
3,225,818,-78505,c1
6,222,815,-78511,c1
2,226,819,-78513,c1
17,211,804,-78530,c1
2,226,819,-78532,c1
4,224,817,-78536,c1
22,206,799,-78558,c1
2,226,819,-78560,c1
1,227,820,-78561,c1
2,226,819,-78563,c1
2,226,819,-78565,c1
33,195,788,-78598,c1
1,227,820,-78599,c1
1,227,820,-78600,c1
1,227,820,-78601,c1
1,227,820,-78602,c1
1,227,820,-78603,c1
54,174,767,-78657,c1
1,227,820,-78658,c1
1,227,820,-78659,c1
3,225,818,-78662,c1
3,225,818,-78665,c1
1,227,820,-78666,c1
8,220,813,-78674,c1
13,215,808,-78687,c1
8,220,813,-78695,c1
1,227,820,-78696,c1
1,227,820,-78697,c1
2,226,819,-78699,c1
1,227,820,-78700,c1
139,89,682,-78839,c1
1,227,820,-78840,c1
1,227,820,-78841,c1
1,227,820,-78842,c1
1,227,820,-78843,c1
43,185,778,-78886,c1
12,216,809,-78898,c1
1,227,820,-78899,c1
2,226,819,-78901,c1
3,225,818,-78904,c1
1,227,820,-78905,c1
1,227,820,-78906,c1
1,227,820,-78907,c1
9,219,812,-78916,c1
40,188,781,-78956,c1
1,227,820,-78957,c1
20,208,801,-78977,c1
1,227,820,-78978,c1
1,227,820,-78979,c1
15,213,806,-78994,c1
1,227,820,-78995,c1
98,130,723,-79093,c1
1,227,820,-79094,c1
1,227,820,-79095,c1
1,227,820,-79096,c1
14,214,807,-79110,c1
2,226,819,-79112,c1
1,227,820,-79113,c1
1,227,820,-79114,c1
2,226,819,-79116,c1
1,227,820,-79117,c1
3,225,818,-79120,c1
89,139,732,-79209,c1
3,225,818,-79212,c1
11,217,810,-79223,c1
33,195,788,-79256,c1
199,29,622,-79455,c1
1,227,820,-79456,c1
6,222,815,-79462,c1
64,164,757,-79526,c1
1,227,820,-79527,c1
6,222,815,-79533,c1
24,204,797,-79557,c1
19,209,802,-79576,c1
4,224,817,-79580,c1
4,224,817,-79584,c1
2,226,819,-79586,c1
1,227,820,-79587,c1
2,226,819,-79589,c1
13,215,808,-79602,c1
1,227,820,-79603,c1
11,217,810,-79614,c1
1,227,820,-79615,c1
1,227,820,-79616,c1
3,225,818,-79619,c1
3,225,818,-79622,c1
4,224,817,-79626,c1
1,227,820,-79627,c1
2,226,819,-79629,c1
2,226,819,-79631,c1
1,227,820,-79632,c1
2,226,819,-79634,c1
1,227,820,-79635,c1
12,216,809,-79647,c1
2,226,819,-79649,c1
4,224,817,-79653,c1
11,217,810,-79664,c1
9,219,812,-79673,c1
3,225,818,-79676,c1
3,225,818,-79679,c1
41,187,780,-79720,c1
4,224,817,-79724,c1
114,114,707,-79838,c1
5,223,816,-79843,c1
0,228,821,-79843,c1
0,228,821,-79843,c1
10,218,811,-79853,c1
1,227,820,-79854,c1
0,228,821,-79854,c1
1,227,820,-79855,c1
1,227,820,-79856,c1
21,207,800,-79877,c1
1,227,820,-79878,c1
124,104,697,-80002,c1
1,227,820,-80003,c1
1,227,820,-80004,c1
2,226,819,-80006,c1
4,224,817,-80010,c1
1,227,820,-80011,c1
2,226,819,-80013,c1
6,222,815,-80019,c1
6,222,815,-80025,c1
24,204,797,-80049,c1
1,227,820,-80050,c1
1,227,820,-80051,c1
10,218,811,-80061,c1
1,227,820,-80062,c1
3,225,818,-80065,c1
177,51,644,-80242,c1
6,222,815,-80248,c1
22,206,799,-80270,c1
2,226,819,-80272,c1
4,224,817,-80276,c1
1,227,820,-80277,c1
0,228,821,-80277,c1
12,216,809,-80289,c1
10,218,811,-80299,c1
2,226,819,-80301,c1
42,186,779,-80343,c1
69,159,752,-80412,c1
7,221,814,-80419,c1
1,227,820,-80420,c1
9,219,812,-80429,c1
7,221,814,-80436,c1
1,227,820,-80437,c1
2,226,819,-80439,c1
1,227,820,-80440,c1
1,227,820,-80441,c1
4,224,817,-80445,c1
5,223,816,-80450,c1
5,223,816,-80455,c1
2,226,819,-80457,c1
8,220,813,-80465,c1
2,226,819,-80467,c1
1,227,820,-80468,c1
0,228,821,-80468,c1
2,226,819,-80470,c1
60,168,761,-80530,c1
3,225,818,-80533,c1
47,181,774,-80580,c1
6,222,815,-80586,c1
2,226,819,-80588,c1
3,225,818,-80591,c1
1,227,820,-80592,c1
21,207,800,-80613,c1
1,227,820,-80614,c1
2,226,819,-80616,c1
1,227,820,-80617,c1
1,227,820,-80618,c1
2,226,819,-80620,c1
1,227,820,-80621,c1
0,228,821,-80621,c1
22,206,799,-80643,c1
28,200,793,-80671,c1
13,215,808,-80684,c1
8,220,813,-80692,c1
4,224,817,-80696,c1
9,219,812,-80705,c1
1,227,820,-80706,c1
19,209,802,-80725,c1
2,226,819,-80727,c1
7,221,814,-80734,c1
1,227,820,-80735,c1
9,219,812,-80744,c1
1,227,820,-80745,c1
21,207,800,-80766,c1
7,221,814,-80773,c1
20,208,801,-80793,c1
1,227,820,-80794,c1
1,227,820,-80795,c1
1,227,820,-80796,c1
2,226,819,-80798,c1
1,227,820,-80799,c1
5,223,816,-80804,c1
6,222,815,-80810,c1
1,227,820,-80811,c1
11,217,810,-80822,c1
1,227,820,-80823,c1
1,227,820,-80824,c1
1,227,820,-80825,c1
27,201,794,-80852,c1
53,175,768,-80905,c1
3,225,818,-80908,c1
2,226,819,-80910,c1
1,227,820,-80911,c1
1,227,820,-80912,c1
2,226,819,-80914,c1
1,227,820,-80915,c1
2,226,819,-80917,c1
1,227,820,-80918,c1
1,227,820,-80919,c1
7,221,814,-80926,c1
2,226,819,-80928,c1
3,225,818,-80931,c1
1,227,820,-80932,c1
0,228,821,-80932,c1
1,227,820,-80933,c1
0,228,821,-80933,c1
1,227,820,-80934,c1
1,227,820,-80935,c1
5,223,816,-80940,c1
2,226,819,-80942,c1
2,226,819,-80944,c1
2,226,819,-80946,c1
4,224,817,-80950,c1
5,223,816,-80955,c1
1,227,820,-80956,c1
2,226,819,-80958,c1
1,227,820,-80959,c1
6,222,815,-80965,c1
3,225,818,-80968,c1
1,227,820,-80969,c1
7,221,814,-80976,c1
38,190,783,-81014,c1
1,227,820,-81015,c1
7,221,814,-81022,c1
1,227,820,-81023,c1
1,227,820,-81024,c1
3,225,818,-81027,c1
1,227,820,-81028,c1
1,227,820,-81029,c1
1,227,820,-81030,c1
1,227,820,-81031,c1
1,227,820,-81032,c1
1,227,820,-81033,c1
2,226,819,-81035,c1
1,227,820,-81036,c1
299,-71,522,-81335,c1
12,216,809,-81347,c1
38,190,783,-81385,c1
25,203,796,-81410,c1
3,225,818,-81413,c1
1,227,820,-81414,c1
33,195,788,-81447,c1
4,224,817,-81451,c1
7,221,814,-81458,c1
178,50,643,-81636,c1
1,227,820,-81637,c1
23,205,798,-81660,c1
43,185,778,-81703,c1
13,215,808,-81716,c1
155,73,666,-81871,c1
17,211,804,-81888,c1
0,228,821,-81888,c1
60,168,761,-81948,c1
3,225,818,-81951,c1
18,210,803,-81969,c1
1,227,820,-81970,c1
3,225,818,-81973,c1
1,227,820,-81974,c1
5,223,816,-81979,c1
1,227,820,-81980,c1
5,223,816,-81985,c1
36,192,785,-82021,c1
5,223,816,-82026,c1
2,226,819,-82028,c1
71,157,750,-82099,c1
57,171,764,-82156,c1
6,222,815,-82162,c1
1,227,820,-82163,c1
7,221,814,-82170,c1
166,62,655,-82336,c1
3,225,818,-82339,c1
5,223,816,-82344,c1
27,201,794,-82371,c1
6,222,815,-82377,c1
8,220,813,-82385,c1
8,220,813,-82393,c1
1,227,820,-82394,c1
2,226,819,-82396,c1
57,171,764,-82453,c1
1,227,820,-82454,c1
2,226,819,-82456,c1
1,227,820,-82457,c1
10,218,811,-82467,c1
5,223,816,-82472,c1
19,209,802,-82491,c1
4,224,817,-82495,c1
0,228,821,-82495,c1
118,110,703,-82613,c1
1,227,820,-82614,c1
1,227,820,-82615,c1
1,227,820,-82616,c1
1,227,820,-82617,c1
1,227,820,-82618,c1
1,227,820,-82619,c1
7,221,814,-82626,c1
2,226,819,-82628,c1
1,227,820,-82629,c1
36,192,785,-82665,c1
1,227,820,-82666,c1
1,227,820,-82667,c1
3,225,818,-82670,c1
13,215,808,-82683,c1
1,227,820,-82684,c1
5,223,816,-82689,c1
1,227,820,-82690,c1
1,227,820,-82691,c1
4,224,817,-82695,c1
1,227,820,-82696,c1
1,227,820,-82697,c1
41,187,780,-82738,c1
3,225,818,-82741,c1
2,226,819,-82743,c1
5,223,816,-82748,c1
12,216,809,-82760,c1
1,227,820,-82761,c1
11,217,810,-82772,c1
6,222,815,-82778,c1
31,197,790,-82809,c1
9,219,812,-82818,c1
2,226,819,-82820,c1
3,225,818,-82823,c1
2,226,819,-82825,c1
80,148,741,-82905,c1
52,176,769,-82957,c1
0,228,821,-82957,c1
26,202,795,-82983,c1
1,227,820,-82984,c1
1,227,820,-82985,c1
1,227,820,-82986,c1
68,160,753,-83054,c1
5,223,816,-83059,c1
6,222,815,-83065,c1
5,223,816,-83070,c1
18,210,803,-83088,c1
105,123,716,-83193,c1
2,226,819,-83195,c1
3,225,818,-83198,c1
15,213,806,-83213,c1
1,227,820,-83214,c1
1,227,820,-83215,c1
4,224,817,-83219,c1
1,227,820,-83220,c1
76,152,745,-83296,c1
1,227,820,-83297,c1
4,224,817,-83301,c1
3,225,818,-83304,c1
1,227,820,-83305,c1
1,227,820,-83306,c1
2,226,819,-83308,c1
2,226,819,-83310,c1
2,226,819,-83312,c1
0,228,821,-83312,c1
1,227,820,-83313,c1
1,227,820,-83314,c1
9,219,812,-83323,c1
2,226,819,-83325,c1
1,227,820,-83326,c1
18,210,803,-83344,c1
1,227,820,-83345,c1
1,227,820,-83346,c1
1,227,820,-83347,c1
1,227,820,-83348,c1
1,227,820,-83349,c1
1,227,820,-83350,c1
2,226,819,-83352,c1
14,214,807,-83366,c1
2,226,819,-83368,c1
1,227,820,-83369,c1
1,227,820,-83370,c1
3,225,818,-83373,c1
24,204,797,-83397,c1
26,202,795,-83423,c1
1,227,820,-83424,c1
12,216,809,-83436,c1
28,200,793,-83464,c1
11,217,810,-83475,c1
1,227,820,-83476,c1
2,226,819,-83478,c1
76,152,745,-83554,c1
12,216,809,-83566,c1
1,227,820,-83567,c1
8,220,813,-83575,c1
19,209,802,-83594,c1
1,227,820,-83595,c1
2,226,819,-83597,c1
126,102,695,-83723,c1
1,227,820,-83724,c1
24,204,797,-83748,c1
1,227,820,-83749,c1
1,227,820,-83750,c1
170,58,651,-83920,c1
1,227,820,-83921,c1
7,221,814,-83928,c1
5,223,816,-83933,c1
6,222,815,-83939,c1
1,227,820,-83940,c1
3,225,818,-83943,c1
5,223,816,-83948,c1
1,227,820,-83949,c1
1,227,820,-83950,c1
160,68,661,-84110,c1
1,227,820,-84111,c1
6,222,815,-84117,c1
1,227,820,-84118,c1
6,222,815,-84124,c1
5,223,816,-84129,c1
1,227,820,-84130,c1
0,228,821,-84130,c1
1,227,820,-84131,c1
1,227,820,-84132,c1
1,227,820,-84133,c1
1,227,820,-84134,c1
1,227,820,-84135,c1
13,215,808,-84148,c1
1,227,820,-84149,c1
3,225,818,-84152,c1
10,218,811,-84162,c1
1,227,820,-84163,c1
7,221,814,-84170,c1
1,227,820,-84171,c1
9,219,812,-84180,c1
1,227,820,-84181,c1
1,227,820,-84182,c1
2,226,819,-84184,c1
10,218,811,-84194,c1
1,227,820,-84195,c1
1,227,820,-84196,c1
6,222,815,-84202,c1
1,227,820,-84203,c1
1,227,820,-84204,c1
8,220,813,-84212,c1
3,225,818,-84215,c1
6,222,815,-84221,c1
5,223,816,-84226,c1
2,226,819,-84228,c1
1,227,820,-84229,c1
264,-36,557,-84493,c1
5,223,816,-84498,c1
1,227,820,-84499,c1
2,226,819,-84501,c1
2,226,819,-84503,c1
9,219,812,-84512,c1
1,227,820,-84513,c1
13,215,808,-84526,c1
3,225,818,-84529,c1
2,226,819,-84531,c1
34,194,787,-84565,c1
1,227,820,-84566,c1
1,227,820,-84567,c1
16,212,805,-84583,c1
1,227,820,-84584,c1
52,176,769,-84636,c1
32,196,789,-84668,c1
1,227,820,-84669,c1
1,227,820,-84670,c1
1,227,820,-84671,c1
21,207,800,-84692,c1
1,227,820,-84693,c1
22,206,799,-84715,c1
2,226,819,-84717,c1
1,227,820,-84718,c1
10,218,811,-84728,c1
1,227,820,-84729,c1
10,218,811,-84739,c1
40,188,781,-84779,c1
3,225,818,-84782,c1
1,227,820,-84783,c1
4,224,817,-84787,c1
2,226,819,-84789,c1
4,224,817,-84793,c1
1,227,820,-84794,c1
2,226,819,-84796,c1
2,226,819,-84798,c1
15,213,806,-84813,c1
2,226,819,-84815,c1
1,227,820,-84816,c1
226,2,595,-85042,c1
1,227,820,-85043,c1
2,226,819,-85045,c1
5,223,816,-85050,c1
59,169,762,-85109,c1
3,225,818,-85112,c1
8,220,813,-85120,c1
1,227,820,-85121,c1
3,225,818,-85124,c1
1,227,820,-85125,c1
2,226,819,-85127,c1
1,227,820,-85128,c1
1,227,820,-85129,c1
1,227,820,-85130,c1
2,226,819,-85132,c1
3,225,818,-85135,c1
17,211,804,-85152,c1
3,225,818,-85155,c1
1,227,820,-85156,c1
6,222,815,-85162,c1
99,129,722,-85261,c1
5,223,816,-85266,c1
3,225,818,-85269,c1
3,225,818,-85272,c1
1,227,820,-85273,c1
14,214,807,-85287,c1
3,225,818,-85290,c1
18,210,803,-85308,c1
1,227,820,-85309,c1
2,226,819,-85311,c1
1,227,820,-85312,c1
9,219,812,-85321,c1
69,159,752,-85390,c1
2,226,819,-85392,c1
1,227,820,-85393,c1
4,224,817,-85397,c1
33,195,788,-85430,c1
45,183,776,-85475,c1
1,227,820,-85476,c1
1,227,820,-85477,c1
1,227,820,-85478,c1
8,220,813,-85486,c1
1,227,820,-85487,c1
1,227,820,-85488,c1
7,221,814,-85495,c1
2,226,819,-85497,c1
1,227,820,-85498,c1
3,225,818,-85501,c1
11,217,810,-85512,c1
3,225,818,-85515,c1
21,207,800,-85536,c1
1,227,820,-85537,c1
4,224,817,-85541,c1
1,227,820,-85542,c1
1,227,820,-85543,c1
39,189,782,-85582,c1
1,227,820,-85583,c1
9,219,812,-85592,c1
2,226,819,-85594,c1
9,219,812,-85603,c1
2,226,819,-85605,c1
5,223,816,-85610,c1
4,224,817,-85614,c1
2,226,819,-85616,c1
29,199,792,-85645,c1
4,224,817,-85649,c1
189,39,632,-85838,c1
5,223,816,-85843,c1
8,220,813,-85851,c1
1,227,820,-85852,c1
43,185,778,-85895,c1
3,225,818,-85898,c1
1,227,820,-85899,c1
3,225,818,-85902,c1
2,226,819,-85904,c1
42,186,779,-85946,c1
36,192,785,-85982,c1
2,226,819,-85984,c1
20,208,801,-86004,c1
1,227,820,-86005,c1
26,202,795,-86031,c1
2,226,819,-86033,c1
1,227,820,-86034,c1
95,133,726,-86129,c1
1,227,820,-86130,c1
11,217,810,-86141,c1
1,227,820,-86142,c1
7,221,814,-86149,c1
1,227,820,-86150,c1
1,227,820,-86151,c1
2,226,819,-86153,c1
15,213,806,-86168,c1
1,227,820,-86169,c1
3,225,818,-86172,c1
3,225,818,-86175,c1
4,224,817,-86179,c1
1,227,820,-86180,c1
2,226,819,-86182,c1
1,227,820,-86183,c1
0,228,821,-86183,c1
59,169,762,-86242,c1
7,221,814,-86249,c1
15,213,806,-86264,c1
2,226,819,-86266,c1
1,227,820,-86267,c1
1,227,820,-86268,c1
1,227,820,-86269,c1
5,223,816,-86274,c1
1,227,820,-86275,c1
13,215,808,-86288,c1
2,226,819,-86290,c1
1,227,820,-86291,c1
3,225,818,-86294,c1
8,220,813,-86302,c1
2,226,819,-86304,c1
1,227,820,-86305,c1
74,154,747,-86379,c1
2,226,819,-86381,c1
1,227,820,-86382,c1
1,227,820,-86383,c1
5,223,816,-86388,c1
1,227,820,-86389,c1
4,224,817,-86393,c1
2,226,819,-86395,c1
18,210,803,-86413,c1
4,224,817,-86417,c1
5,223,816,-86422,c1
1,227,820,-86423,c1
49,179,772,-86472,c1
122,106,699,-86594,c1
7,221,814,-86601,c1
19,209,802,-86620,c1
9,219,812,-86629,c1
1,227,820,-86630,c1
24,204,797,-86654,c1
5,223,816,-86659,c1
1,227,820,-86660,c1
1,227,820,-86661,c1
1,227,820,-86662,c1
72,156,749,-86734,c1
1,227,820,-86735,c1
8,220,813,-86743,c1
3,225,818,-86746,c1
1,227,820,-86747,c1
65,163,756,-86812,c1
1,227,820,-86813,c1
1,227,820,-86814,c1
5,223,816,-86819,c1
1,227,820,-86820,c1
307,-79,514,-87127,c1
1,227,820,-87128,c1
3,225,818,-87131,c1
2,226,819,-87133,c1
4,224,817,-87137,c1
7,221,814,-87144,c1
1,227,820,-87145,c1
1,227,820,-87146,c1
21,207,800,-87167,c1
11,217,810,-87178,c1
2,226,819,-87180,c1
18,210,803,-87198,c1
3,225,818,-87201,c1
5,223,816,-87206,c1
1,227,820,-87207,c1
10,218,811,-87217,c1
7,221,814,-87224,c1
10,218,811,-87234,c1
2,226,819,-87236,c1
13,215,808,-87249,c1
1,227,820,-87250,c1
2,226,819,-87252,c1
3,225,818,-87255,c1
8,220,813,-87263,c1
2,226,819,-87265,c1
14,214,807,-87279,c1
19,209,802,-87298,c1
1,227,820,-87299,c1
2,226,819,-87301,c1
1,227,820,-87302,c1
21,207,800,-87323,c1
59,169,762,-87382,c1
2,226,819,-87384,c1
3,225,818,-87387,c1
1,227,820,-87388,c1
20,208,801,-87408,c1
23,205,798,-87431,c1
1,227,820,-87432,c1
1,227,820,-87433,c1
6,222,815,-87439,c1
5,223,816,-87444,c1
6,222,815,-87450,c1
3,225,818,-87453,c1
253,-25,568,-87706,c1
1,227,820,-87707,c1
1,227,820,-87708,c1
124,104,697,-87832,c1
2,226,819,-87834,c1
13,215,808,-87847,c1
20,208,801,-87867,c1
1,227,820,-87868,c1
0,228,821,-87868,c1
9,219,812,-87877,c1
2,226,819,-87879,c1
1,227,820,-87880,c1
97,131,724,-87977,c1
1,227,820,-87978,c1
2,226,819,-87980,c1
2,226,819,-87982,c1
1,227,820,-87983,c1
1,227,820,-87984,c1
1,227,820,-87985,c1
1,227,820,-87986,c1
2,226,819,-87988,c1
3,225,818,-87991,c1
16,212,805,-88007,c1
1,227,820,-88008,c1
41,187,780,-88049,c1
2,226,819,-88051,c1
6,222,815,-88057,c1
57,171,764,-88114,c1
1,227,820,-88115,c1
2,226,819,-88117,c1
1,227,820,-88118,c1
3,225,818,-88121,c1
1,227,820,-88122,c1
3,225,818,-88125,c1
0,228,821,-88125,c1
1,227,820,-88126,c1
2,226,819,-88128,c1
1,227,820,-88129,c1
37,191,784,-88166,c1
1,227,820,-88167,c1
4,224,817,-88171,c1
1,227,820,-88172,c1
1,227,820,-88173,c1
0,228,821,-88173,c1
4,224,817,-88177,c1
2,226,819,-88179,c1
4,224,817,-88183,c1
2,226,819,-88185,c1
1,227,820,-88186,c1
52,176,769,-88238,c1
2,226,819,-88240,c1
2,226,819,-88242,c1
111,117,710,-88353,c1
1,227,820,-88354,c1
1,227,820,-88355,c1
1,227,820,-88356,c1
3,225,818,-88359,c1
2,226,819,-88361,c1
1,227,820,-88362,c1
1,227,820,-88363,c1
2,226,819,-88365,c1
1,227,820,-88366,c1
1,227,820,-88367,c1
1,227,820,-88368,c1
1,227,820,-88369,c1
3,225,818,-88372,c1
6,222,815,-88378,c1
1,227,820,-88379,c1
1,227,820,-88380,c1
1,227,820,-88381,c1
1,227,820,-88382,c1
2,226,819,-88384,c1
1,227,820,-88385,c1
249,-21,572,-88634,c1
1,227,820,-88635,c1
1,227,820,-88636,c1
5,223,816,-88641,c1
1,227,820,-88642,c1
10,218,811,-88652,c1
1,227,820,-88653,c1
1,227,820,-88654,c1
5,223,816,-88659,c1
8,220,813,-88667,c1
1,227,820,-88668,c1
10,218,811,-88678,c1
19,209,802,-88697,c1
1,227,820,-88698,c1
1,227,820,-88699,c1
3,225,818,-88702,c1
6,222,815,-88708,c1
242,-14,579,-88950,c1
65,163,756,-89015,c1
15,213,806,-89030,c1
1,227,820,-89031,c1
18,210,803,-89049,c1
178,50,643,-89227,c1
5,223,816,-89232,c1
26,202,795,-89258,c1
0,228,821,-89258,c1
149,79,672,-89407,c1
7,221,814,-89414,c1
1,227,820,-89415,c1
1,227,820,-89416,c1
1,227,820,-89417,c1
55,173,766,-89472,c1
131,97,690,-89603,c1
10,218,811,-89613,c1
1,227,820,-89614,c1
1,227,820,-89615,c1
1,227,820,-89616,c1
0,228,821,-89616,c1
1,227,820,-89617,c1
1,227,820,-89618,c1
1,227,820,-89619,c1
1,227,820,-89620,c1
1,227,820,-89621,c1
3,225,818,-89624,c1
1,227,820,-89625,c1
1,227,820,-89626,c1
6,222,815,-89632,c1
2,226,819,-89634,c1
3,225,818,-89637,c1
1,227,820,-89638,c1
3,225,818,-89641,c1
3,225,818,-89644,c1
1,227,820,-89645,c1
1,227,820,-89646,c1
2,226,819,-89648,c1
1,227,820,-89649,c1
16,212,805,-89665,c1
23,205,798,-89688,c1
34,194,787,-89722,c1
3,225,818,-89725,c1
2,226,819,-89727,c1
35,193,786,-89762,c1
94,134,727,-89856,c1
258,-30,563,-90114,c1
2,226,819,-90116,c1
2,226,819,-90118,c1
7,221,814,-90125,c1
2,226,819,-90127,c1
4,224,817,-90131,c1
1,227,820,-90132,c1
69,159,752,-90201,c1
17,211,804,-90218,c1
1,227,820,-90219,c1
1,227,820,-90220,c1
52,176,769,-90272,c1
1,227,820,-90273,c1
52,176,769,-90325,c1
1,227,820,-90326,c1
2,226,819,-90328,c1
1,227,820,-90329,c1
10,218,811,-90339,c1
7,221,814,-90346,c1
0,228,821,-90346,c1
1,227,820,-90347,c1
1,227,820,-90348,c1
1,227,820,-90349,c1
1,227,820,-90350,c1
2,226,819,-90352,c1
3,225,818,-90355,c1
7,221,814,-90362,c1
2,226,819,-90364,c1
5,223,816,-90369,c1
2,226,819,-90371,c1
1,227,820,-90372,c1
3,225,818,-90375,c1
1,227,820,-90376,c1
26,202,795,-90402,c1
5,223,816,-90407,c1
3,225,818,-90410,c1
1,227,820,-90411,c1
1,227,820,-90412,c1
1,227,820,-90413,c1
1,227,820,-90414,c1
83,145,738,-90497,c1
16,212,805,-90513,c1
1,227,820,-90514,c1
0,228,821,-90514,c1
6,222,815,-90520,c1
1,227,820,-90521,c1
1,227,820,-90522,c1
1,227,820,-90523,c1
45,183,776,-90568,c1
7,221,814,-90575,c1
8,220,813,-90583,c1
1,227,820,-90584,c1
34,194,787,-90618,c1
0,228,821,-90618,c1
6,222,815,-90624,c1
1,227,820,-90625,c1
1,227,820,-90626,c1
3,225,818,-90629,c1
3,225,818,-90632,c1
12,216,809,-90644,c1
359,-131,462,-91003,c1
4,224,817,-91007,c1
1,227,820,-91008,c1
3,225,818,-91011,c1
2,226,819,-91013,c1
4,224,817,-91017,c1
3,225,818,-91020,c1
5,223,816,-91025,c1
168,60,653,-91193,c1
18,210,803,-91211,c1
1,227,820,-91212,c1
1,227,820,-91213,c1
21,207,800,-91234,c1
4,224,817,-91238,c1
1,227,820,-91239,c1
4,224,817,-91243,c1
2,226,819,-91245,c1
1,227,820,-91246,c1
2,226,819,-91248,c1
5,223,816,-91253,c1
2,226,819,-91255,c1
1,227,820,-91256,c1
28,200,793,-91284,c1
3,225,818,-91287,c1
3,225,818,-91290,c1
12,216,809,-91302,c1
2,226,819,-91304,c1
2,226,819,-91306,c1
7,221,814,-91313,c1
3,225,818,-91316,c1
23,205,798,-91339,c1
1,227,820,-91340,c1
1,227,820,-91341,c1
1,227,820,-91342,c1
1,227,820,-91343,c1
5,223,816,-91348,c1
0,228,821,-91348,c1
3,225,818,-91351,c1
0,228,821,-91351,c1
1,227,820,-91352,c1
2,226,819,-91354,c1
1,227,820,-91355,c1
1,227,820,-91356,c1
6,222,815,-91362,c1
1,227,820,-91363,c1
1,227,820,-91364,c1
146,82,675,-91510,c1
1,227,820,-91511,c2
3,225,818,-91514,c1
1,227,820,-91515,c1
2,226,819,-91517,c1
31,197,790,-91548,c1
23,205,798,-91571,c1
4,224,817,-91575,c1
22,206,799,-91597,c1
29,199,792,-91626,c1
878,-650,-57,-92504,c1
30,198,791,-92534,c1
1,227,820,-92535,c1
3,225,818,-92538,c1
35,193,786,-92573,c1
1,227,820,-92574,c1
1,227,820,-92575,c1
1,227,820,-92576,c1
3,225,818,-92579,c1
28,200,793,-92607,c1
1,227,820,-92608,c1
1,227,820,-92609,c1
2,226,819,-92611,c1
1,227,820,-92612,c1
1,227,820,-92613,c1
1,227,820,-92614,c1
1,227,820,-92615,c1
2,226,819,-92617,c1
3,225,818,-92620,c1
1,227,820,-92621,c1
2,226,819,-92623,c1
2,226,819,-92625,c1
2,226,819,-92627,c1
6,222,815,-92633,c1
1,227,820,-92634,c1
5,223,816,-92639,c1
5,223,816,-92644,c1
1,227,820,-92645,c1
2,226,819,-92647,c1
1,227,820,-92648,c1
5,223,816,-92653,c1
1,227,820,-92654,c1
2,226,819,-92656,c1
1,227,820,-92657,c1
3,225,818,-92660,c1
4,224,817,-92664,c1
2,226,819,-92666,c1
1,227,820,-92667,c1
89,139,732,-92756,c1
1,227,820,-92757,c1
1,227,820,-92758,c1
6,222,815,-92764,c1
3,225,818,-92767,c1
3,225,818,-92770,c1
6,222,815,-92776,c1
2,226,819,-92778,c1
4,224,817,-92782,c1
1,227,820,-92783,c1
1,227,820,-92784,c1
1,227,820,-92785,c1
1,227,820,-92786,c1
1,227,820,-92787,c1
1,227,820,-92788,c1
119,109,702,-92907,c1
1,227,820,-92908,c1
4,224,817,-92912,c1
1,227,820,-92913,c1
23,205,798,-92936,c1
1,227,820,-92937,c1
48,180,773,-92985,c1
1,227,820,-92986,c1
1,227,820,-92987,c1
1,227,820,-92988,c1
1,227,820,-92989,c1
2,226,819,-92991,c1
48,180,773,-93039,c1
3,225,818,-93042,c1
1,227,820,-93043,c1
1,227,820,-93044,c1
14,214,807,-93058,c1
62,166,759,-93120,c1
5,223,816,-93125,c1
12,216,809,-93137,c1
29,199,792,-93166,c1
2,226,819,-93168,c1
0,228,821,-93168,c1
4,224,817,-93172,c1
25,203,796,-93197,c1
1,227,820,-93198,c1
1,227,820,-93199,c1
43,185,778,-93242,c1
12,216,809,-93254,c1
38,190,783,-93292,c1
2,226,819,-93294,c1
1,227,820,-93295,c1
2,226,819,-93297,c1
77,151,744,-93374,c1
2,226,819,-93376,c1
2,226,819,-93378,c1
1,227,820,-93379,c1
1,227,820,-93380,c1
2,226,819,-93382,c1
2,226,819,-93384,c1
13,215,808,-93397,c1
2,226,819,-93399,c1
3,225,818,-93402,c1
1,227,820,-93403,c1
1,227,820,-93404,c1
7,221,814,-93411,c1
3,225,818,-93414,c1
13,215,808,-93427,c1
1,227,820,-93428,c1
1,227,820,-93429,c1
1,227,820,-93430,c1
1,227,820,-93431,c1
1,227,820,-93432,c1
1,227,820,-93433,c1
1,227,820,-93434,c1
17,211,804,-93451,c1
9,219,812,-93460,c1
4,224,817,-93464,c1
2,226,819,-93466,c1
1,227,820,-93467,c1
2,226,819,-93469,c1
9,219,812,-93478,c1
2,226,819,-93480,c1
8,220,813,-93488,c1
6,222,815,-93494,c1
78,150,743,-93572,c1
3,225,818,-93575,c1
1,227,820,-93576,c1
2,226,819,-93578,c1
2,226,819,-93580,c1
0,228,821,-93580,c1
1,227,820,-93581,c1
1,227,820,-93582,c1
34,194,787,-93616,c1
2,226,819,-93618,c1
2,226,819,-93620,c1
1,227,820,-93621,c1
0,228,821,-93621,c1
0,228,821,-93621,c1
0,228,821,-93621,c1
0,228,821,-93621,c1
2,226,819,-93623,c1
14,214,807,-93637,c1
4,224,817,-93641,c1
1,227,820,-93642,c1
1,227,820,-93643,c1
10,218,811,-93653,c1
8,220,813,-93661,c1
53,175,768,-93714,c1
2,226,819,-93716,c1
59,169,762,-93775,c1
10,218,811,-93785,c1
15,213,806,-93800,c1
225,3,596,-94025,c1
1,227,820,-94026,c1
1,227,820,-94027,c1
1,227,820,-94028,c1
1,227,820,-94029,c1
1,227,820,-94030,c1
2,226,819,-94032,c1
6,222,815,-94038,c1
53,175,768,-94091,c1
7,221,814,-94098,c1
3,225,818,-94101,c1
38,190,783,-94139,c1
11,217,810,-94150,c1
1,227,820,-94151,c1
1,227,820,-94152,c1
10,218,811,-94162,c1
1,227,820,-94163,c1
1,227,820,-94164,c1
12,216,809,-94176,c1
13,215,808,-94189,c1
20,208,801,-94209,c1
14,214,807,-94223,c1
0,228,821,-94223,c1
1,227,820,-94224,c1
1,227,820,-94225,c1
1,227,820,-94226,c1
1,227,820,-94227,c1
3,225,818,-94230,c1
203,25,618,-94433,c1
1,227,820,-94434,c1
1,227,820,-94435,c1
1,227,820,-94436,c1
1,227,820,-94437,c1
1,227,820,-94438,c1
1,227,820,-94439,c1
1,227,820,-94440,c1
2,226,819,-94442,c1
1,227,820,-94443,c1
1,227,820,-94444,c1
1,227,820,-94445,c1
1,227,820,-94446,c1
1,227,820,-94447,c1
1,227,820,-94448,c1
1,227,820,-94449,c1
0,228,821,-94449,c1
1,227,820,-94450,c1
1,227,820,-94451,c1
1,227,820,-94452,c1
1,227,820,-94453,c1
1,227,820,-94454,c1
1,227,820,-94455,c1
2,226,819,-94457,c1
1,227,820,-94458,c1
1,227,820,-94459,c1
1,227,820,-94460,c1
1,227,820,-94461,c1
1,227,820,-94462,c1
1,227,820,-94463,c1
1,227,820,-94464,c1
1,227,820,-94465,c1
1,227,820,-94466,c1
1,227,820,-94467,c1
1,227,820,-94468,c1
1,227,820,-94469,c1
1,227,820,-94470,c1
1,227,820,-94471,c1
0,228,821,-94471,c1
1,227,820,-94472,c1
2,226,819,-94474,c1
1,227,820,-94475,c1
1,227,820,-94476,c1
1,227,820,-94477,c1
1,227,820,-94478,c1
1,227,820,-94479,c1
1,227,820,-94480,c1
1,227,820,-94481,c1
1,227,820,-94482,c1
1,227,820,-94483,c1
1,227,820,-94484,c1
1,227,820,-94485,c1
1,227,820,-94486,c1
1,227,820,-94487,c1
1,227,820,-94488,c1
1,227,820,-94489,c1
1,227,820,-94490,c1
1,227,820,-94491,c1
1,227,820,-94492,c1
2,226,819,-94494,c1
1,227,820,-94495,c1
1,227,820,-94496,c1
1,227,820,-94497,c1
1,227,820,-94498,c1
3,225,818,-94501,c1
2,226,819,-94503,c1
2,226,819,-94505,c1
1,227,820,-94506,c1
1,227,820,-94507,c1
1,227,820,-94508,c1
1,227,820,-94509,c1
1,227,820,-94510,c1
1,227,820,-94511,c1
1,227,820,-94512,c1
1,227,820,-94513,c1
1,227,820,-94514,c1
1,227,820,-94515,c1
1,227,820,-94516,c1
1,227,820,-94517,c1
1,227,820,-94518,c1
1,227,820,-94519,c1
1,227,820,-94520,c1
1,227,820,-94521,c1
1,227,820,-94522,c1
1,227,820,-94523,c1
1,227,820,-94524,c1
1,227,820,-94525,c1
2,226,819,-94527,c1
1,227,820,-94528,c1
1,227,820,-94529,c1
1,227,820,-94530,c1
1,227,820,-94531,c1
5,223,816,-94536,c1
1,227,820,-94537,c1
1,227,820,-94538,c1
1,227,820,-94539,c1
1,227,820,-94540,c1
1,227,820,-94541,c1
1,227,820,-94542,c1
1,227,820,-94543,c1
1,227,820,-94544,c1
1,227,820,-94545,c1
1,227,820,-94546,c1
1,227,820,-94547,c1
1,227,820,-94548,c1
1,227,820,-94549,c1
1,227,820,-94550,c1
1,227,820,-94551,c1
1,227,820,-94552,c1
1,227,820,-94553,c1
1,227,820,-94554,c1
1,227,820,-94555,c1
6,222,815,-94561,c1
1,227,820,-94562,c1
1,227,820,-94563,c1
1,227,820,-94564,c1
1,227,820,-94565,c1
1,227,820,-94566,c1
1,227,820,-94567,c1
1,227,820,-94568,c1
1,227,820,-94569,c1
1,227,820,-94570,c1
1,227,820,-94571,c1
1,227,820,-94572,c1
22,206,799,-94594,c1
1,227,820,-94595,c1
1,227,820,-94596,c1
1,227,820,-94597,c1
1,227,820,-94598,c1
13,215,808,-94611,c1
0,228,821,-94611,c1
5,223,816,-94616,c1
1,227,820,-94617,c1
0,228,821,-94617,c1
1,227,820,-94618,c1
1,227,820,-94619,c1
1,227,820,-94620,c1
1,227,820,-94621,c1
1,227,820,-94622,c1
1,227,820,-94623,c1
1,227,820,-94624,c1
1,227,820,-94625,c1
1,227,820,-94626,c1
1,227,820,-94627,c1
1,227,820,-94628,c1
1,227,820,-94629,c1
1,227,820,-94630,c1
1,227,820,-94631,c1
68,160,753,-94699,c1
1,227,820,-94700,c1
4,224,817,-94704,c1
2,226,819,-94706,c1
1,227,820,-94707,c1
1,227,820,-94708,c1
1,227,820,-94709,c1
1,227,820,-94710,c1
1,227,820,-94711,c1
1,227,820,-94712,c1
1,227,820,-94713,c1
2,226,819,-94715,c1
1,227,820,-94716,c1
1,227,820,-94717,c1
1,227,820,-94718,c1
6,222,815,-94724,c1
1,227,820,-94725,c1
2,226,819,-94727,c1
2,226,819,-94729,c1
6,222,815,-94735,c1
2,226,819,-94737,c1
2,226,819,-94739,c1
1,227,820,-94740,c1
1,227,820,-94741,c1
1,227,820,-94742,c1
1,227,820,-94743,c1
2,226,819,-94745,c1
1,227,820,-94746,c1
1,227,820,-94747,c1
1,227,820,-94748,c1
1,227,820,-94749,c1
1,227,820,-94750,c1
1,227,820,-94751,c1
1,227,820,-94752,c1
1,227,820,-94753,c1
1,227,820,-94754,c1
1,227,820,-94755,c1
1,227,820,-94756,c1
1,227,820,-94757,c1
3,225,818,-94760,c1
1,227,820,-94761,c1
1,227,820,-94762,c1
8,220,813,-94770,c1
2,226,819,-94772,c1
1,227,820,-94773,c1
2,226,819,-94775,c1
5,223,816,-94780,c1
4,224,817,-94784,c1
5,223,816,-94789,c1
1,227,820,-94790,c1
2,226,819,-94792,c1
0,228,821,-94792,c1
1,227,820,-94793,c1
31,197,790,-94824,c1
4,224,817,-94828,c1
52,176,769,-94880,c1
2,226,819,-94882,c1
1,227,820,-94883,c1
1,227,820,-94884,c1
1,227,820,-94885,c1
47,181,774,-94932,c1
27,201,794,-94959,c1
4,224,817,-94963,c1
2,226,819,-94965,c1
4,224,817,-94969,c1
4,224,817,-94973,c1
7,221,814,-94980,c1
11,217,810,-94991,c1
2,226,819,-94993,c1
1,227,820,-94994,c1
1,227,820,-94995,c1
2,226,819,-94997,c1
5,223,816,-95002,c1
1,227,820,-95003,c1
2,226,819,-95005,c1
1,227,820,-95006,c1
1,227,820,-95007,c1
4,224,817,-95011,c1
9,219,812,-95020,c1
2,226,819,-95022,c1
3,225,818,-95025,c1
0,228,821,-95025,c1
0,228,821,-95025,c1
0,228,821,-95025,c1
0,228,821,-95025,c1
0,228,821,-95025,c1
1,227,820,-95026,c1
3,225,818,-95029,c1
1,227,820,-95030,c1
0,228,821,-95030,c1
5,223,816,-95035,c1
0,228,821,-95035,c1
0,228,821,-95035,c1
24,204,797,-95059,c1
2,226,819,-95061,c1
14,214,807,-95075,c1
2,226,819,-95077,c1
1,227,820,-95078,c1
1,227,820,-95079,c1
1,227,820,-95080,c1
2,226,819,-95082,c1
2,226,819,-95084,c1
2,226,819,-95086,c1
5,223,816,-95091,c1
18,210,803,-95109,c1
1,227,820,-95110,c1
4,224,817,-95114,c1
55,173,766,-95169,c1
1,227,820,-95170,c1
17,211,804,-95187,c1
35,193,786,-95222,c1
3,225,818,-95225,c1
1,227,820,-95226,c1
2,226,819,-95228,c1
3,225,818,-95231,c1
7,221,814,-95238,c1
15,213,806,-95253,c1
1,227,820,-95254,c1
6,222,815,-95260,c1
1,227,820,-95261,c1
3,225,818,-95264,c1
1,227,820,-95265,c1
3,225,818,-95268,c1
3,225,818,-95271,c1
1,227,820,-95272,c1
2,226,819,-95274,c1
5,223,816,-95279,c1
1,227,820,-95280,c1
1,227,820,-95281,c1
2,226,819,-95283,c1
2,226,819,-95285,c1
1,227,820,-95286,c1
1,227,820,-95287,c1
1,227,820,-95288,c1
2,226,819,-95290,c1
7,221,814,-95297,c1
1,227,820,-95298,c1
67,161,754,-95365,c1
26,202,795,-95391,c1
16,212,805,-95407,c1
2,226,819,-95409,c1
9,219,812,-95418,c1
1,227,820,-95419,c1
5,223,816,-95424,c1
1,227,820,-95425,c1
1,227,820,-95426,c1
1,227,820,-95427,c1
13,215,808,-95440,c1
1,227,820,-95441,c1
78,150,743,-95519,c1
4,224,817,-95523,c1
35,193,786,-95558,c1
1,227,820,-95559,c1
12,216,809,-95571,c1
1,227,820,-95572,c1
50,178,771,-95622,c1
4,224,817,-95626,c1
1,227,820,-95627,c1
1,227,820,-95628,c1
1,227,820,-95629,c1
1,227,820,-95630,c1
3,225,818,-95633,c1
3,225,818,-95636,c1
1,227,820,-95637,c1
2,226,819,-95639,c1
8,220,813,-95647,c1
1,227,820,-95648,c1
1,227,820,-95649,c1
46,182,775,-95695,c1
1,227,820,-95696,c1
4,224,817,-95700,c1
21,207,800,-95721,c1
0,228,821,-95721,c1
4,224,817,-95725,c1
5,223,816,-95730,c1
3,225,818,-95733,c1
2,226,819,-95735,c1
1,227,820,-95736,c1
13,215,808,-95749,c1
6,222,815,-95755,c1
14,214,807,-95769,c1
7,221,814,-95776,c1
2,226,819,-95778,c1
1,227,820,-95779,c1
6,222,815,-95785,c1
1,227,820,-95786,c1
0,228,821,-95786,c1
1,227,820,-95787,c1
23,205,798,-95810,c1
18,210,803,-95828,c1
2,226,819,-95830,c1
8,220,813,-95838,c1
1,227,820,-95839,c1
1,227,820,-95840,c1
1,227,820,-95841,c1
2,226,819,-95843,c1
1,227,820,-95844,c1
1,227,820,-95845,c1
27,201,794,-95872,c1
1,227,820,-95873,c1
2,226,819,-95875,c1
1,227,820,-95876,c1
2,226,819,-95878,c1
1,227,820,-95879,c1
1,227,820,-95880,c1
1,227,820,-95881,c1
0,228,821,-95881,c1
0,228,821,-95881,c1
0,228,821,-95881,c1
1,227,820,-95882,c1
4,224,817,-95886,c1
0,228,821,-95886,c1
1,227,820,-95887,c1
1,227,820,-95888,c1
1,227,820,-95889,c1
1,227,820,-95890,c1
1,227,820,-95891,c1
0,228,821,-95891,c1
1,227,820,-95892,c1
1,227,820,-95893,c1
1,227,820,-95894,c1
1,227,820,-95895,c1
1,227,820,-95896,c1
0,228,821,-95896,c1
0,228,821,-95896,c1
0,228,821,-95896,c1
3,225,818,-95899,c1
1,227,820,-95900,c1
5,223,816,-95905,c1
1,227,820,-95906,c1
2,226,819,-95908,c1
2,226,819,-95910,c1
31,197,790,-95941,c1
2,226,819,-95943,c1
1,227,820,-95944,c1
17,211,804,-95961,c1
0,228,821,-95961,c1
0,228,821,-95961,c1
3,225,818,-95964,c1
0,228,821,-95964,c1
7,221,814,-95971,c1
0,228,821,-95971,c1
1,227,820,-95972,c1
2,226,819,-95974,c1
0,228,821,-95974,c1
0,228,821,-95974,c1
0,228,821,-95974,c1
0,228,821,-95974,c1
1,227,820,-95975,c1
0,228,821,-95975,c1
0,228,821,-95975,c1
1,227,820,-95976,c1
6,222,815,-95982,c1
1,227,820,-95983,c1
0,228,821,-95983,c1
2,226,819,-95985,c1
1,227,820,-95986,c1
1,227,820,-95987,c1
1,227,820,-95988,c1
1,227,820,-95989,c1
0,228,821,-95989,c2
0,228,821,-95989,c1
0,228,821,-95989,c1
8,220,813,-95997,c1
22,206,799,-96019,c1
0,228,821,-96019,c1
0,228,821,-96019,c1
0,228,821,-96019,c1
0,228,821,-96019,c1
2657,-2429,-1836,-98676,c1
0,228,821,-98676,c1
0,228,821,-98676,c1
0,228,821,-98676,c1
1,227,820,-98677,c1
0,228,821,-98677,c1
1,227,820,-98678,c1
1,227,820,-98679,c1
1,227,820,-98680,c1
4,224,817,-98684,c1
0,228,821,-98684,c1
23,205,798,-98707,c1
0,228,821,-98707,c1
2,226,819,-98709,c1
0,228,821,-98709,c1
1,227,820,-98710,c1
0,228,821,-98710,c1
0,228,821,-98710,c1
1,227,820,-98711,c1
0,228,821,-98711,c1
0,228,821,-98711,c1
1,227,820,-98712,c1
0,228,821,-98712,c1
0,228,821,-98712,c1
0,228,821,-98712,c1
0,228,821,-98712,c1
0,228,821,-98712,c1
0,228,821,-98712,c1
0,228,821,-98712,c1
1,227,820,-98713,c1
0,228,821,-98713,c1
0,228,821,-98713,c1
0,228,821,-98713,c1
0,228,821,-98713,c1
8,220,813,-98721,c1
2,226,819,-98723,c1
0,228,821,-98723,c1
0,228,821,-98723,c1
0,228,821,-98723,c1
0,228,821,-98723,c1
0,228,821,-98723,c1
0,228,821,-98723,c1
0,228,821,-98723,c1
0,228,821,-98723,c1
1,227,820,-98724,c1
2,226,819,-98726,c1
0,228,821,-98726,c1
0,228,821,-98726,c1
0,228,821,-98726,c1
12,216,809,-98738,c1
1,227,820,-98739,c1
1,227,820,-98740,c1
0,228,821,-98740,c1
0,228,821,-98740,c1
1,227,820,-98741,c1
1,227,820,-98742,c1
1,227,820,-98743,c1
0,228,821,-98743,c1
1,227,820,-98744,c1
0,228,821,-98744,c1
2,226,819,-98746,c1
4,224,817,-98750,c1
3,225,818,-98753,c1
3,225,818,-98756,c1
0,228,821,-98756,c1
0,228,821,-98756,c1
1,227,820,-98757,c1
1,227,820,-98758,c1
1,227,820,-98759,c1
1,227,820,-98760,c1
2,226,819,-98762,c1
1,227,820,-98763,c1
1,227,820,-98764,c1
0,228,821,-98764,c1
0,228,821,-98764,c1
1,227,820,-98765,c1
1,227,820,-98766,c1
7,221,814,-98773,c1
4,224,817,-98777,c1
10,218,811,-98787,c1
4,224,817,-98791,c1
7,221,814,-98798,c1
1,227,820,-98799,c1
3,225,818,-98802,c1
7,221,814,-98809,c1
3,225,818,-98812,c1
5,223,816,-98817,c1
0,228,821,-98817,c1
0,228,821,-98817,c1
0,228,821,-98817,c1
2,226,819,-98819,c1
6,222,815,-98825,c1
1,227,820,-98826,c1
1,227,820,-98827,c1
3,225,818,-98830,c1
0,228,821,-98830,c1
6,222,815,-98836,c1
2,226,819,-98838,c1
0,228,821,-98838,c1
0,228,821,-98838,c1
2,226,819,-98840,c1
1,227,820,-98841,c1
1,227,820,-98842,c1
4,224,817,-98846,c1
0,228,821,-98846,c1
0,228,821,-98846,c1
6,222,815,-98852,c1
0,228,821,-98852,c1
0,228,821,-98852,c1
0,228,821,-98852,c1
2,226,819,-98854,c1
1,227,820,-98855,c1
1,227,820,-98856,c1
1,227,820,-98857,c1
10,218,811,-98867,c1
1,227,820,-98868,c1
1,227,820,-98869,c1
1,227,820,-98870,c1
1,227,820,-98871,c1
2,226,819,-98873,c1
1,227,820,-98874,c1
9,219,812,-98883,c1
1,227,820,-98884,c1
2,226,819,-98886,c1
0,228,821,-98886,c1
1,227,820,-98887,c1
10,218,811,-98897,c1
2,226,819,-98899,c1
0,228,821,-98899,c1
0,228,821,-98899,c1
3,225,818,-98902,c1
1,227,820,-98903,c1
1,227,820,-98904,c1
2,226,819,-98906,c1
2,226,819,-98908,c1
1,227,820,-98909,c1
5,223,816,-98914,c1
1,227,820,-98915,c1
1,227,820,-98916,c1
1,227,820,-98917,c1
2,226,819,-98919,c1
0,228,821,-98919,c1
0,228,821,-98919,c1
2,226,819,-98921,c1
1,227,820,-98922,c1
28,200,793,-98950,c1
1,227,820,-98951,c1
1,227,820,-98952,c1
3,225,818,-98955,c1
2,226,819,-98957,c1
2,226,819,-98959,c1
4,224,817,-98963,c1
2,226,819,-98965,c1
1,227,820,-98966,c1
3,225,818,-98969,c1
1,227,820,-98970,c1
49,179,772,-99019,c1
6,222,815,-99025,c1
2,226,819,-99027,c1
12,216,809,-99039,c1
2,226,819,-99041,c1
1,227,820,-99042,c1
2,226,819,-99044,c1
1,227,820,-99045,c1
21,207,800,-99066,c1
15,213,806,-99081,c1
1,227,820,-99082,c1
7,221,814,-99089,c1
110,118,711,-99199,c1
1,227,820,-99200,c1
8,220,813,-99208,c1
1,227,820,-99209,c1
25,203,796,-99234,c1
25,203,796,-99259,c1
1,227,820,-99260,c1
1,227,820,-99261,c1
1,227,820,-99262,c1
0,228,821,-99262,c1
1,227,820,-99263,c1
8,220,813,-99271,c1
3,225,818,-99274,c1
12,216,809,-99286,c1
3,225,818,-99289,c1
2,226,819,-99291,c1
2,226,819,-99293,c1
4,224,817,-99297,c1
6,222,815,-99303,c1
2,226,819,-99305,c1
17,211,804,-99322,c1
1,227,820,-99323,c1
2,226,819,-99325,c1
1,227,820,-99326,c1
228,0,593,-99554,c1
3,225,818,-99557,c1
33,195,788,-99590,c1
27,201,794,-99617,c1
1,227,820,-99618,c1
2,226,819,-99620,c1
1,227,820,-99621,c1
7,221,814,-99628,c1
2,226,819,-99630,c1
2,226,819,-99632,c1
1,227,820,-99633,c1
0,228,821,-99633,c1
0,228,821,-99633,c1
2,226,819,-99635,c1
31,197,790,-99666,c1
23,205,798,-99689,c1
16,212,805,-99705,c1
1,227,820,-99706,c1
7,221,814,-99713,c1
33,195,788,-99746,c1
3,225,818,-99749,c1
32,196,789,-99781,c1
15,213,806,-99796,c1
1,227,820,-99797,c1
2,226,819,-99799,c1
2,226,819,-99801,c1
22,206,799,-99823,c1
3,225,818,-99826,c1
15,213,806,-99841,c1
1,227,820,-99842,c1
0,228,821,-99842,c1
0,228,821,-99842,c1
0,228,821,-99842,c1
3,225,818,-99845,c1
3,225,818,-99848,c1
1,227,820,-99849,c1
2,226,819,-99851,c1
6,222,815,-99857,c1
25,203,796,-99882,c1
13,215,808,-99895,c1
2,226,819,-99897,c1
0,228,821,-99897,c1
1,227,820,-99898,c1
48,180,773,-99946,c1
0,228,821,-99946,c1
0,228,821,-99946,c1
2,226,819,-99948,c1
0,228,821,-99948,c1
0,228,821,-99948,c1
0,228,821,-99948,c1
4,224,817,-99952,c1
0,228,821,-99952,c1
4,224,817,-99956,c1
11,217,810,-99967,c1
1,227,820,-99968,c1
0,228,821,-99968,c1
0,228,821,-99968,c1
0,228,821,-99968,c1
0,228,821,-99968,c1
0,228,821,-99968,c1
0,228,821,-99968,c1
0,228,821,-99968,c1
0,228,821,-99968,c1
1,227,820,-99969,c1
14,214,807,-99983,c1
2,226,819,-99985,c1
1,227,820,-99986,c1
1,227,820,-99987,c1
1,227,820,-99988,c1
1,227,820,-99989,c1
1,227,820,-99990,c1
28,200,793,-100018,c1
2,226,819,-100020,c1
4,224,817,-100024,c1
1,227,820,-100025,c1
0,228,821,-100025,c1
0,228,821,-100025,c1
0,228,821,-100025,c1
0,228,821,-100025,c1
0,228,821,-100025,c1
2,226,819,-100027,c1
3,225,818,-100030,c1
1,227,820,-100031,c1
2,226,819,-100033,c1
0,228,821,-100033,c1
0,228,821,-100033,c1
0,228,821,-100033,c1
0,228,821,-100033,c1
5,223,816,-100038,c1
9,219,812,-100047,c1
10,218,811,-100057,c1
9,219,812,-100066,c1
8,220,813,-100074,c1
3,225,818,-100077,c1
0,228,821,-100077,c1
3,225,818,-100080,c1
1,227,820,-100081,c1
5,223,816,-100086,c1
1,227,820,-100087,c1
10,218,811,-100097,c1
1,227,820,-100098,c1
0,228,821,-100098,c1
0,228,821,-100098,c1
0,228,821,-100098,c1
56,172,765,-100154,c1
1,227,820,-100155,c1
85,143,736,-100240,c1
4,224,817,-100244,c1
1,227,820,-100245,c1
2,226,819,-100247,c1
235,-7,586,-100482,c1
2,226,819,-100484,c1
2,226,819,-100486,c1
2,226,819,-100488,c1
1,227,820,-100489,c1
1,227,820,-100490,c1
2,226,819,-100492,c1
4,224,817,-100496,c1
60,168,761,-100556,c1
1,227,820,-100557,c1
1,227,820,-100558,c1
1,227,820,-100559,c1
1,227,820,-100560,c1
2,226,819,-100562,c1
1,227,820,-100563,c1
10,218,811,-100573,c1
6,222,815,-100579,c1
145,83,676,-100724,c1
2,226,819,-100726,c1
1,227,820,-100727,c1
1,227,820,-100728,c1
1,227,820,-100729,c1
2,226,819,-100731,c1
1,227,820,-100732,c1
1,227,820,-100733,c1
1,227,820,-100734,c1
1,227,820,-100735,c1
1,227,820,-100736,c1
6,222,815,-100742,c1
5,223,816,-100747,c1
1,227,820,-100748,c1
13,215,808,-100761,c1
4,224,817,-100765,c1
13,215,808,-100778,c1
83,145,738,-100861,c1
2,226,819,-100863,c1
1,227,820,-100864,c1
0,228,821,-100864,c1
1,227,820,-100865,c1
0,228,821,-100865,c1
1,227,820,-100866,c1
10,218,811,-100876,c1
6,222,815,-100882,c1
1,227,820,-100883,c1
2,226,819,-100885,c1
3,225,818,-100888,c1
7,221,814,-100895,c1
1,227,820,-100896,c1
1,227,820,-100897,c1
1,227,820,-100898,c1
2,226,819,-100900,c1
2,226,819,-100902,c1
2,226,819,-100904,c1
5,223,816,-100909,c1
1,227,820,-100910,c1
1,227,820,-100911,c1
0,228,821,-100911,c1
1,227,820,-100912,c1
2,226,819,-100914,c1
1,227,820,-100915,c1
2,226,819,-100917,c1
1,227,820,-100918,c1
4,224,817,-100922,c1
29,199,792,-100951,c1
5,223,816,-100956,c1
16,212,805,-100972,c1
14,214,807,-100986,c1
2,226,819,-100988,c1
1,227,820,-100989,c1
1,227,820,-100990,c1
1,227,820,-100991,c1
1,227,820,-100992,c1
1,227,820,-100993,c1
1,227,820,-100994,c1
1,227,820,-100995,c1
1,227,820,-100996,c1
1,227,820,-100997,c1
1,227,820,-100998,c1
1,227,820,-100999,c1
1,227,820,-101000,c1
2,226,819,-101002,c1
0,228,821,-101002,c1
1,227,820,-101003,c1
1,227,820,-101004,c1
1,227,820,-101005,c1
1,227,820,-101006,c1
0,228,821,-101006,c1
1,227,820,-101007,c1
1,227,820,-101008,c1
1,227,820,-101009,c1
1,227,820,-101010,c1
1,227,820,-101011,c1
1,227,820,-101012,c1
1,227,820,-101013,c1
2,226,819,-101015,c1
23,205,798,-101038,c1
12,216,809,-101050,c1
1,227,820,-101051,c1
6,222,815,-101057,c1
7,221,814,-101064,c1
2,226,819,-101066,c1
6,222,815,-101072,c1
1,227,820,-101073,c1
3,225,818,-101076,c1
1,227,820,-101077,c1
79,149,742,-101156,c1
42,186,779,-101198,c1
39,189,782,-101237,c1
4,224,817,-101241,c1
11,217,810,-101252,c1
1,227,820,-101253,c1
1,227,820,-101254,c1
207,21,614,-101461,c1
27,201,794,-101488,c1
6,222,815,-101494,c1
4,224,817,-101498,c1
2,226,819,-101500,c1
1,227,820,-101501,c1
1,227,820,-101502,c1
1,227,820,-101503,c1
0,228,821,-101503,c1
1,227,820,-101504,c1
3,225,818,-101507,c1
1,227,820,-101508,c1
1,227,820,-101509,c1
3,225,818,-101512,c1
0,228,821,-101512,c1
1,227,820,-101513,c1
2,226,819,-101515,c1
2,226,819,-101517,c1
0,228,821,-101517,c1
3,225,818,-101520,c1
13,215,808,-101533,c1
1,227,820,-101534,c1
1,227,820,-101535,c1
1,227,820,-101536,c1
1,227,820,-101537,c1
2,226,819,-101539,c1
158,70,663,-101697,c1
2,226,819,-101699,c1
2,226,819,-101701,c1
1,227,820,-101702,c1
80,148,741,-101782,c1
1,227,820,-101783,c1
0,228,821,-101783,c1
6,222,815,-101789,c1
5,223,816,-101794,c1
2,226,819,-101796,c1
2,226,819,-101798,c1
16,212,805,-101814,c1
1,227,820,-101815,c1
1,227,820,-101816,c1
1,227,820,-101817,c1
1,227,820,-101818,c1
1,227,820,-101819,c1
1,227,820,-101820,c1
1,227,820,-101821,c1
1,227,820,-101822,c1
1,227,820,-101823,c1
1,227,820,-101824,c1
2,226,819,-101826,c1
1,227,820,-101827,c1
1,227,820,-101828,c1
1,227,820,-101829,c1
1,227,820,-101830,c1
1,227,820,-101831,c1
1,227,820,-101832,c1
1,227,820,-101833,c1
1,227,820,-101834,c1
1,227,820,-101835,c1
7,221,814,-101842,c1
1,227,820,-101843,c1
1,227,820,-101844,c1
1,227,820,-101845,c1
1,227,820,-101846,c1
1,227,820,-101847,c1
1,227,820,-101848,c1
2,226,819,-101850,c1
20,208,801,-101870,c1
1,227,820,-101871,c1
1,227,820,-101872,c1
14,214,807,-101886,c1
3,225,818,-101889,c1
1,227,820,-101890,c1
1,227,820,-101891,c1
8,220,813,-101899,c1
1,227,820,-101900,c1
4,224,817,-101904,c1
1,227,820,-101905,c1
5,223,816,-101910,c1
10,218,811,-101920,c1
3,225,818,-101923,c1
4,224,817,-101927,c1
1,227,820,-101928,c1
2,226,819,-101930,c1
2,226,819,-101932,c1
13,215,808,-101945,c1
2,226,819,-101947,c1
133,95,688,-102080,c1
3,225,818,-102083,c1
3,225,818,-102086,c1
1,227,820,-102087,c1
1,227,820,-102088,c1
1,227,820,-102089,c1
1,227,820,-102090,c1
4,224,817,-102094,c1
1,227,820,-102095,c1
66,162,755,-102161,c1
47,181,774,-102208,c1
10,218,811,-102218,c1
2,226,819,-102220,c1
1,227,820,-102221,c1
4,224,817,-102225,c1
1,227,820,-102226,c1
1,227,820,-102227,c1
2,226,819,-102229,c1
2,226,819,-102231,c1
5,223,816,-102236,c1
7,221,814,-102243,c1
1,227,820,-102244,c1
2,226,819,-102246,c1
57,171,764,-102303,c1
8,220,813,-102311,c1
9,219,812,-102320,c1
2,226,819,-102322,c1
22,206,799,-102344,c1
42,186,779,-102386,c1
28,200,793,-102414,c1
5,223,816,-102419,c1
4,224,817,-102423,c1
38,190,783,-102461,c1
1,227,820,-102462,c1
1,227,820,-102463,c1
1,227,820,-102464,c1
1,227,820,-102465,c1
1,227,820,-102466,c1
6,222,815,-102472,c1
1,227,820,-102473,c1
3,225,818,-102476,c1
1,227,820,-102477,c1
9,219,812,-102486,c1
2,226,819,-102488,c1
53,175,768,-102541,c1
2,226,819,-102543,c1
0,228,821,-102543,c1
1,227,820,-102544,c1
0,228,821,-102544,c1
0,228,821,-102544,c1
0,228,821,-102544,c1
1,227,820,-102545,c1
0,228,821,-102545,c1
0,228,821,-102545,c1
0,228,821,-102545,c1
7,221,814,-102552,c1
4,224,817,-102556,c1
1,227,820,-102557,c1
0,228,821,-102557,c1
1,227,820,-102558,c1
0,228,821,-102558,c1
2,226,819,-102560,c1
1,227,820,-102561,c1
1,227,820,-102562,c1
1,227,820,-102563,c1
1,227,820,-102564,c1
0,228,821,-102564,c1
0,228,821,-102564,c1
0,228,821,-102564,c1
4,224,817,-102568,c1
0,228,821,-102568,c1
1,227,820,-102569,c1
0,228,821,-102569,c1
1,227,820,-102570,c1
1,227,820,-102571,c1
1,227,820,-102572,c1
1,227,820,-102573,c1
92,136,729,-102665,c1
3,225,818,-102668,c1
2,226,819,-102670,c1
1,227,820,-102671,c1
0,228,821,-102671,c1
0,228,821,-102671,c1
0,228,821,-102671,c1
0,228,821,-102671,c1
13,215,808,-102684,c1
30,198,791,-102714,c1
8,220,813,-102722,c2
46,182,775,-102768,c1
109,119,712,-102877,c1
1,227,820,-102878,c1
3,225,818,-102881,c1
1,227,820,-102882,c1
1,227,820,-102883,c1
1,227,820,-102884,c1
0,228,821,-102884,c1
823,-595,-2,-103707,c1
1,227,820,-103708,c1
1,227,820,-103709,c1
1,227,820,-103710,c1
1,227,820,-103711,c1
0,228,821,-103711,c1
2,226,819,-103713,c1
1,227,820,-103714,c1
6,222,815,-103720,c1
1,227,820,-103721,c1
8,220,813,-103729,c1
6,222,815,-103735,c1
0,228,821,-103735,c1
2,226,819,-103737,c1
2,226,819,-103739,c1
7,221,814,-103746,c1
0,228,821,-103746,c1
0,228,821,-103746,c1
1,227,820,-103747,c1
75,153,746,-103822,c1
40,188,781,-103862,c1
11,217,810,-103873,c1
8,220,813,-103881,c1
32,196,789,-103913,c1
1,227,820,-103914,c1
3,225,818,-103917,c1
3,225,818,-103920,c1
4,224,817,-103924,c1
13,215,808,-103937,c1
3,225,818,-103940,c1
13,215,808,-103953,c1
0,228,821,-103953,c1
4,224,817,-103957,c1
1,227,820,-103958,c1
3,225,818,-103961,c1
34,194,787,-103995,c1
27,201,794,-104022,c1
1,227,820,-104023,c1
5,223,816,-104028,c1
1,227,820,-104029,c1
1,227,820,-104030,c1
4,224,817,-104034,c1
0,228,821,-104034,c1
0,228,821,-104034,c1
2,226,819,-104036,c1
0,228,821,-104036,c1
1,227,820,-104037,c1
1,227,820,-104038,c1
1,227,820,-104039,c1
7,221,814,-104046,c1
2,226,819,-104048,c1
2,226,819,-104050,c1
2,226,819,-104052,c1
3,225,818,-104055,c1
10,218,811,-104065,c1
0,228,821,-104065,c1
0,228,821,-104065,c1
51,177,770,-104116,c1
2,226,819,-104118,c1
0,228,821,-104118,c1
1,227,820,-104119,c1
2,226,819,-104121,c1
27,201,794,-104148,c1
11,217,810,-104159,c1
2,226,819,-104161,c1
1,227,820,-104162,c1
0,228,821,-104162,c1
0,228,821,-104162,c1
0,228,821,-104162,c1
0,228,821,-104162,c1
0,228,821,-104162,c1
1,227,820,-104163,c1
23,205,798,-104186,c1
1,227,820,-104187,c1
1,227,820,-104188,c1
1,227,820,-104189,c1
3,225,818,-104192,c1
2,226,819,-104194,c1
1,227,820,-104195,c1
1,227,820,-104196,c1
0,228,821,-104196,c1
0,228,821,-104196,c1
1,227,820,-104197,c1
1,227,820,-104198,c1
42,186,779,-104240,c1
0,228,821,-104240,c1
0,228,821,-104240,c1
0,228,821,-104240,c1
0,228,821,-104240,c1
0,228,821,-104240,c1
0,228,821,-104240,c1
0,228,821,-104240,c1
0,228,821,-104240,c1
0,228,821,-104240,c1
60,168,761,-104300,c1
6,222,815,-104306,c1
2,226,819,-104308,c1
7,221,814,-104315,c1
5,223,816,-104320,c1
7,221,814,-104327,c1
7,221,814,-104334,c1
3,225,818,-104337,c1
37,191,784,-104374,c1
15,213,806,-104389,c1
2,226,819,-104391,c1
5,223,816,-104396,c1
22,206,799,-104418,c1
5,223,816,-104423,c1
17,211,804,-104440,c1
1,227,820,-104441,c1
1,227,820,-104442,c1
2,226,819,-104444,c1
7,221,814,-104451,c1
1,227,820,-104452,c1
0,228,821,-104452,c1
0,228,821,-104452,c1
0,228,821,-104452,c1
0,228,821,-104452,c1
0,228,821,-104452,c1
2,226,819,-104454,c1
5,223,816,-104459,c1
2,226,819,-104461,c1
0,228,821,-104461,c1
0,228,821,-104461,c1
2,226,819,-104463,c1
20,208,801,-104483,c1
0,228,821,-104483,c1
0,228,821,-104483,c1
0,228,821,-104483,c1
0,228,821,-104483,c1
0,228,821,-104483,c1
0,228,821,-104483,c1
0,228,821,-104483,c1
0,228,821,-104483,c1
0,228,821,-104483,c1
12,216,809,-104495,c1
22,206,799,-104517,c1
1,227,820,-104518,c1
8,220,813,-104526,c1
7,221,814,-104533,c1
29,199,792,-104562,c1
24,204,797,-104586,c1
1,227,820,-104587,c1
3,225,818,-104590,c1
1,227,820,-104591,c1
1,227,820,-104592,c1
10,218,811,-104602,c1
2,226,819,-104604,c1
0,228,821,-104604,c1
31,197,790,-104635,c1
4,224,817,-104639,c1
50,178,771,-104689,c1
22,206,799,-104711,c1
1,227,820,-104712,c1
1,227,820,-104713,c1
2,226,819,-104715,c1
11,217,810,-104726,c1
6,222,815,-104732,c1
1,227,820,-104733,c1
1,227,820,-104734,c1
1,227,820,-104735,c1
8,220,813,-104743,c1
0,228,821,-104743,c1
0,228,821,-104743,c1
12,216,809,-104755,c1
3,225,818,-104758,c1
1,227,820,-104759,c1
11,217,810,-104770,c1
1,227,820,-104771,c1
1,227,820,-104772,c1
6,222,815,-104778,c1
1,227,820,-104779,c1
34,194,787,-104813,c1
4,224,817,-104817,c1
1,227,820,-104818,c1
0,228,821,-104818,c1
30,198,791,-104848,c1
4,224,817,-104852,c1
2,226,819,-104854,c1
1,227,820,-104855,c1
3,225,818,-104858,c1
1,227,820,-104859,c1
1,227,820,-104860,c1
0,228,821,-104860,c1
26,202,795,-104886,c1
1,227,820,-104887,c1
0,228,821,-104887,c1
0,228,821,-104887,c1
2,226,819,-104889,c1
1,227,820,-104890,c1
0,228,821,-104890,c1
0,228,821,-104890,c1
1,227,820,-104891,c1
0,228,821,-104891,c1
0,228,821,-104891,c1
0,228,821,-104891,c1
2,226,819,-104893,c1
0,228,821,-104893,c1
0,228,821,-104893,c1
0,228,821,-104893,c1
0,228,821,-104893,c1
1,227,820,-104894,c1
0,228,821,-104894,c1
0,228,821,-104894,c1
5,223,816,-104899,c1
1,227,820,-104900,c1
1,227,820,-104901,c1
0,228,821,-104901,c1
0,228,821,-104901,c1
1,227,820,-104902,c1
2,226,819,-104904,c1
2,226,819,-104906,c1
55,173,766,-104961,c1
1,227,820,-104962,c1
1,227,820,-104963,c1
70,158,751,-105033,c1
1,227,820,-105034,c1
0,228,821,-105034,c1
0,228,821,-105034,c1
1,227,820,-105035,c1
0,228,821,-105035,c1
0,228,821,-105035,c1
0,228,821,-105035,c1
0,228,821,-105035,c1
0,228,821,-105035,c1
0,228,821,-105035,c1
0,228,821,-105035,c1
0,228,821,-105035,c1
4,224,817,-105039,c1
0,228,821,-105039,c1
0,228,821,-105039,c1
2,226,819,-105041,c1
1,227,820,-105042,c1
0,228,821,-105042,c1
1,227,820,-105043,c1
1,227,820,-105044,c1
18,210,803,-105062,c1
2,226,819,-105064,c1
0,228,821,-105064,c1
0,228,821,-105064,c1
7,221,814,-105071,c1
0,228,821,-105071,c1
1,227,820,-105072,c1
1,227,820,-105073,c1
196,32,625,-105269,c1
1,227,820,-105270,c1
1,227,820,-105271,c1
2,226,819,-105273,c1
1,227,820,-105274,c1
1,227,820,-105275,c1
1,227,820,-105276,c1
3,225,818,-105279,c1
2,226,819,-105281,c1
0,228,821,-105281,c1
1,227,820,-105282,c1
1,227,820,-105283,c1
1,227,820,-105284,c1
1,227,820,-105285,c1
1,227,820,-105286,c1
1,227,820,-105287,c1
2,226,819,-105289,c1
1,227,820,-105290,c1
1,227,820,-105291,c1
1,227,820,-105292,c1
1,227,820,-105293,c1
0,228,821,-105293,c1
0,228,821,-105293,c1
1,227,820,-105294,c1
1,227,820,-105295,c1
1,227,820,-105296,c1
74,154,747,-105370,c1
1,227,820,-105371,c1
1,227,820,-105372,c1
1,227,820,-105373,c1
1,227,820,-105374,c1
0,228,821,-105374,c1
0,228,821,-105374,c1
7,221,814,-105381,c1
3,225,818,-105384,c1
0,228,821,-105384,c1
0,228,821,-105384,c1
1,227,820,-105385,c1
1,227,820,-105386,c1
1,227,820,-105387,c1
5,223,816,-105392,c1
0,228,821,-105392,c1
0,228,821,-105392,c1
3,225,818,-105395,c1
4,224,817,-105399,c1
15,213,806,-105414,c1
2,226,819,-105416,c1
1,227,820,-105417,c1
0,228,821,-105417,c1
0,228,821,-105417,c1
0,228,821,-105417,c1
0,228,821,-105417,c1
18,210,803,-105435,c1
7,221,814,-105442,c1
1,227,820,-105443,c1
1,227,820,-105444,c1
0,228,821,-105444,c1
0,228,821,-105444,c1
1,227,820,-105445,c1
2,226,819,-105447,c1
18,210,803,-105465,c1
1,227,820,-105466,c1
0,228,821,-105466,c1
19,209,802,-105485,c1
1,227,820,-105486,c1
5,223,816,-105491,c1
2,226,819,-105493,c1
15,213,806,-105508,c1
2,226,819,-105510,c1
20,208,801,-105530,c1
32,196,789,-105562,c1
48,180,773,-105610,c1
8,220,813,-105618,c1
9,219,812,-105627,c1
8,220,813,-105635,c1
9,219,812,-105644,c1
1,227,820,-105645,c1
1,227,820,-105646,c1
6,222,815,-105652,c1
20,208,801,-105672,c1
1,227,820,-105673,c1
1,227,820,-105674,c1
1,227,820,-105675,c1
2,226,819,-105677,c1
1,227,820,-105678,c1
1,227,820,-105679,c1
1,227,820,-105680,c1
1,227,820,-105681,c1
1,227,820,-105682,c1
6,222,815,-105688,c1
27,201,794,-105715,c1
1,227,820,-105716,c1
3,225,818,-105719,c1
1,227,820,-105720,c1
1,227,820,-105721,c1
1,227,820,-105722,c1
1,227,820,-105723,c1
4,224,817,-105727,c1
1,227,820,-105728,c1
1,227,820,-105729,c1
2,226,819,-105731,c1
1,227,820,-105732,c1
1,227,820,-105733,c1
1,227,820,-105734,c1
1,227,820,-105735,c1
3,225,818,-105738,c1
1,227,820,-105739,c1
1,227,820,-105740,c1
2,226,819,-105742,c1
1,227,820,-105743,c1
1,227,820,-105744,c1
1,227,820,-105745,c1
1,227,820,-105746,c1
1,227,820,-105747,c1
1,227,820,-105748,c1
3,225,818,-105751,c1
1,227,820,-105752,c1
1,227,820,-105753,c1
1,227,820,-105754,c1
1,227,820,-105755,c1
1,227,820,-105756,c1
1,227,820,-105757,c1
2,226,819,-105759,c1
1,227,820,-105760,c1
1,227,820,-105761,c1
12,216,809,-105773,c1
1,227,820,-105774,c1
2,226,819,-105776,c1
2,226,819,-105778,c1
1,227,820,-105779,c1
1,227,820,-105780,c1
1,227,820,-105781,c1
1,227,820,-105782,c1
1,227,820,-105783,c1
2,226,819,-105785,c1
1,227,820,-105786,c1
1,227,820,-105787,c1
2,226,819,-105789,c1
3,225,818,-105792,c1
2,226,819,-105794,c1
1,227,820,-105795,c1
1,227,820,-105796,c1
1,227,820,-105797,c1
1,227,820,-105798,c1
1,227,820,-105799,c1
1,227,820,-105800,c1
9,219,812,-105809,c1
1,227,820,-105810,c1
1,227,820,-105811,c1
1,227,820,-105812,c1
2,226,819,-105814,c1
1,227,820,-105815,c1
10,218,811,-105825,c1
1,227,820,-105826,c1
1,227,820,-105827,c1
1,227,820,-105828,c1
1,227,820,-105829,c1
1,227,820,-105830,c1
1,227,820,-105831,c1
2,226,819,-105833,c1
5,223,816,-105838,c1
1,227,820,-105839,c1
1,227,820,-105840,c1
1,227,820,-105841,c1
1,227,820,-105842,c1
1,227,820,-105843,c1
1,227,820,-105844,c1
6,222,815,-105850,c1
1,227,820,-105851,c1
2,226,819,-105853,c1
1,227,820,-105854,c1
2,226,819,-105856,c1
1,227,820,-105857,c1
1,227,820,-105858,c1
2,226,819,-105860,c1
2,226,819,-105862,c1
1,227,820,-105863,c1
1,227,820,-105864,c1
1,227,820,-105865,c1
3,225,818,-105868,c1
1,227,820,-105869,c1
3,225,818,-105872,c1
0,228,821,-105872,c1
2,226,819,-105874,c1
2,226,819,-105876,c1
2,226,819,-105878,c1
1,227,820,-105879,c1
1,227,820,-105880,c1
3,225,818,-105883,c1
0,228,821,-105883,c1
0,228,821,-105883,c1
0,228,821,-105883,c1
0,228,821,-105883,c1
0,228,821,-105883,c1
0,228,821,-105883,c1
0,228,821,-105883,c1
0,228,821,-105883,c1
0,228,821,-105883,c1
1,227,820,-105884,c1
1,227,820,-105885,c1
0,228,821,-105885,c1
3,225,818,-105888,c1
0,228,821,-105888,c1
0,228,821,-105888,c1
0,228,821,-105888,c1
0,228,821,-105888,c1
0,228,821,-105888,c1
0,228,821,-105888,c1
0,228,821,-105888,c1
1,227,820,-105889,c1
0,228,821,-105889,c1
0,228,821,-105889,c1
0,228,821,-105889,c1
0,228,821,-105889,c1
0,228,821,-105889,c1
0,228,821,-105889,c1
2,226,819,-105891,c1
0,228,821,-105891,c1
0,228,821,-105891,c1
0,228,821,-105891,c1
1,227,820,-105892,c1
4,224,817,-105896,c1
0,228,821,-105896,c1
2,226,819,-105898,c1
1,227,820,-105899,c1
2,226,819,-105901,c1
1,227,820,-105902,c1
101,127,720,-106003,c1
0,228,821,-106003,c1
7,221,814,-106010,c1
0,228,821,-106010,c1
0,228,821,-106010,c1
1,227,820,-106011,c1
5,223,816,-106016,c1
1,227,820,-106017,c1
0,228,821,-106017,c1
9,219,812,-106026,c1
33,195,788,-106059,c1
0,228,821,-106059,c1
26,202,795,-106085,c1
36,192,785,-106121,c1
0,228,821,-106121,c1
1,227,820,-106122,c1
5,223,816,-106127,c1
0,228,821,-106127,c1
0,228,821,-106127,c1
19,209,802,-106146,c1
10,218,811,-106156,c1
23,205,798,-106179,c1
10,218,811,-106189,c1
2,226,819,-106191,c1
4,224,817,-106195,c1
3,225,818,-106198,c1
1,227,820,-106199,c1
1,227,820,-106200,c1
2,226,819,-106202,c1
4,224,817,-106206,c1
1,227,820,-106207,c1
57,171,764,-106264,c1
1,227,820,-106265,c1
8,220,813,-106273,c1
0,228,821,-106273,c1
1,227,820,-106274,c1
0,228,821,-106274,c1
0,228,821,-106274,c1
0,228,821,-106274,c1
0,228,821,-106274,c1
0,228,821,-106274,c1
0,228,821,-106274,c1
0,228,821,-106274,c1
0,228,821,-106274,c1
0,228,821,-106274,c1
0,228,821,-106274,c1
0,228,821,-106274,c1
0,228,821,-106274,c1
0,228,821,-106274,c1
0,228,821,-106274,c1
0,228,821,-106274,c1
0,228,821,-106274,c1
0,228,821,-106274,c1
0,228,821,-106274,c1
0,228,821,-106274,c1
10,218,811,-106284,c1
3,225,818,-106287,c1
2,226,819,-106289,c1
0,228,821,-106289,c1
19,209,802,-106308,c1
18,210,803,-106326,c1
0,228,821,-106326,c1
0,228,821,-106326,c1
1,227,820,-106327,c1
2,226,819,-106329,c1
1,227,820,-106330,c1
0,228,821,-106330,c1
1,227,820,-106331,c1
1,227,820,-106332,c1
6,222,815,-106338,c1
12,216,809,-106350,c1
1,227,820,-106351,c1
0,228,821,-106351,c1
7,221,814,-106358,c1
10,218,811,-106368,c1
0,228,821,-106368,c1
5,223,816,-106373,c1
1,227,820,-106374,c1
3,225,818,-106377,c1
0,228,821,-106377,c1
0,228,821,-106377,c1
0,228,821,-106377,c1
2,226,819,-106379,c1
2,226,819,-106381,c1
1,227,820,-106382,c1
0,228,821,-106382,c1
1,227,820,-106383,c1
1,227,820,-106384,c1
1,227,820,-106385,c1
0,228,821,-106385,c1
2,226,819,-106387,c1
3,225,818,-106390,c1
0,228,821,-106390,c1
1,227,820,-106391,c1
0,228,821,-106391,c1
1,227,820,-106392,c1
4,224,817,-106396,c1
4,224,817,-106400,c1
0,228,821,-106400,c1
1,227,820,-106401,c1
0,228,821,-106401,c1
1,227,820,-106402,c1
10,218,811,-106412,c1
8,220,813,-106420,c1
0,228,821,-106420,c1
1,227,820,-106421,c1
81,147,740,-106502,c1
33,195,788,-106535,c1
0,228,821,-106535,c1
6,222,815,-106541,c1
5,223,816,-106546,c1
0,228,821,-106546,c1
29,199,792,-106575,c1
1,227,820,-106576,c1
0,228,821,-106576,c1
8,220,813,-106584,c1
93,135,728,-106677,c1
6,222,815,-106683,c1
2,226,819,-106685,c1
1,227,820,-106686,c1
1,227,820,-106687,c1
8,220,813,-106695,c1
0,228,821,-106695,c1
0,228,821,-106695,c1
0,228,821,-106695,c1
2,226,819,-106697,c1
22,206,799,-106719,c1
0,228,821,-106719,c1
0,228,821,-106719,c1
0,228,821,-106719,c1
0,228,821,-106719,c1
0,228,821,-106719,c1
56,172,765,-106775,c1
1,227,820,-106776,c2
0,228,821,-106776,c1
4,224,817,-106780,c1
30,198,791,-106810,c1
1,227,820,-106811,c1
2,226,819,-106813,c1
0,228,821,-106813,c1
1,227,820,-106814,c1
0,228,821,-106814,c1
821,-593,0,-107635,c1
4,224,817,-107639,c1
18,210,803,-107657,c1
4,224,817,-107661,c1
2,226,819,-107663,c1
1,227,820,-107664,c1
1,227,820,-107665,c1
0,228,821,-107665,c1
0,228,821,-107665,c1
0,228,821,-107665,c1
1,227,820,-107666,c1
0,228,821,-107666,c1
1,227,820,-107667,c1
1,227,820,-107668,c1
1,227,820,-107669,c1
2,226,819,-107671,c1
0,228,821,-107671,c1
0,228,821,-107671,c1
0,228,821,-107671,c1
1,227,820,-107672,c1
1,227,820,-107673,c1
0,228,821,-107673,c1
0,228,821,-107673,c1
0,228,821,-107673,c1
1,227,820,-107674,c1
0,228,821,-107674,c1
1,227,820,-107675,c1
0,228,821,-107675,c1
0,228,821,-107675,c1
8,220,813,-107683,c1
0,228,821,-107683,c1
0,228,821,-107683,c1
0,228,821,-107683,c1
0,228,821,-107683,c1
1,227,820,-107684,c1
3,225,818,-107687,c1
8,220,813,-107695,c1
1,227,820,-107696,c1
0,228,821,-107696,c1
0,228,821,-107696,c1
22,206,799,-107718,c1
1,227,820,-107719,c1
2,226,819,-107721,c1
21,207,800,-107742,c1
19,209,802,-107761,c1
4,224,817,-107765,c1
6,222,815,-107771,c1
2,226,819,-107773,c1
1,227,820,-107774,c1
1,227,820,-107775,c1
1,227,820,-107776,c1
1,227,820,-107777,c1
1,227,820,-107778,c1
1,227,820,-107779,c1
6,222,815,-107785,c1
1,227,820,-107786,c1
7,221,814,-107793,c1
0,228,821,-107793,c1
0,228,821,-107793,c1
0,228,821,-107793,c1
0,228,821,-107793,c1
0,228,821,-107793,c1
0,228,821,-107793,c1
0,228,821,-107793,c1
0,228,821,-107793,c1
0,228,821,-107793,c1
0,228,821,-107793,c1
0,228,821,-107793,c1
0,228,821,-107793,c1
0,228,821,-107793,c1
21,207,800,-107814,c1
0,228,821,-107814,c1
0,228,821,-107814,c1
0,228,821,-107814,c1
0,228,821,-107814,c1
0,228,821,-107814,c1
0,228,821,-107814,c1
0,228,821,-107814,c1
0,228,821,-107814,c1
0,228,821,-107814,c1
0,228,821,-107814,c1
10,218,811,-107824,c1
14,214,807,-107838,c1
0,228,821,-107838,c1
6,222,815,-107844,c1
4,224,817,-107848,c1
0,228,821,-107848,c1
0,228,821,-107848,c1
1,227,820,-107849,c1
1,227,820,-107850,c1
2,226,819,-107852,c1
33,195,788,-107885,c1
0,228,821,-107885,c1
20,208,801,-107905,c1
1,227,820,-107906,c1
13,215,808,-107919,c1
9,219,812,-107928,c1
2,226,819,-107930,c1
3,225,818,-107933,c1
52,176,769,-107985,c1
2,226,819,-107987,c1
3,225,818,-107990,c1
1,227,820,-107991,c1
1,227,820,-107992,c1
1,227,820,-107993,c1
1,227,820,-107994,c1
0,228,821,-107994,c1
11,217,810,-108005,c1
5,223,816,-108010,c1
4,224,817,-108014,c1
0,228,821,-108014,c1
0,228,821,-108014,c1
0,228,821,-108014,c1
3,225,818,-108017,c1
5,223,816,-108022,c1
1,227,820,-108023,c1
0,228,821,-108023,c1
1,227,820,-108024,c1
1,227,820,-108025,c1
1,227,820,-108026,c1
2,226,819,-108028,c1
1,227,820,-108029,c1
3,225,818,-108032,c1
0,228,821,-108032,c1
0,228,821,-108032,c1
0,228,821,-108032,c1
0,228,821,-108032,c1
0,228,821,-108032,c1
5,223,816,-108037,c1
0,228,821,-108037,c1
0,228,821,-108037,c1
1,227,820,-108038,c1
8,220,813,-108046,c1
10,218,811,-108056,c1
0,228,821,-108056,c1
0,228,821,-108056,c1
0,228,821,-108056,c1
6,222,815,-108062,c1
5,223,816,-108067,c1
9,219,812,-108076,c1
0,228,821,-108076,c1
1,227,820,-108077,c1
0,228,821,-108077,c1
3,225,818,-108080,c1
1,227,820,-108081,c1
3,225,818,-108084,c1
2,226,819,-108086,c1
5,223,816,-108091,c1
3,225,818,-108094,c1
1,227,820,-108095,c1
0,228,821,-108095,c1
2,226,819,-108097,c1
2,226,819,-108099,c1
1,227,820,-108100,c1
1,227,820,-108101,c1
4,224,817,-108105,c1
1,227,820,-108106,c1
4,224,817,-108110,c1
1,227,820,-108111,c1
3,225,818,-108114,c1
2,226,819,-108116,c1
1,227,820,-108117,c1
4,224,817,-108121,c1
3,225,818,-108124,c1
2,226,819,-108126,c1
2,226,819,-108128,c1
7,221,814,-108135,c1
0,228,821,-108135,c1
0,228,821,-108135,c1
0,228,821,-108135,c1
2,226,819,-108137,c1
27,201,794,-108164,c1
1,227,820,-108165,c1
14,214,807,-108179,c1
1,227,820,-108180,c1
2,226,819,-108182,c1
0,228,821,-108182,c1
1,227,820,-108183,c1
1,227,820,-108184,c1
0,228,821,-108184,c1
1,227,820,-108185,c1
1,227,820,-108186,c1
1,227,820,-108187,c1
3,225,818,-108190,c1
3,225,818,-108193,c1
3,225,818,-108196,c1
1,227,820,-108197,c1
2,226,819,-108199,c1
2,226,819,-108201,c1
2,226,819,-108203,c1
0,228,821,-108203,c1
8,220,813,-108211,c1
2,226,819,-108213,c1
0,228,821,-108213,c1
2,226,819,-108215,c1
1,227,820,-108216,c1
1,227,820,-108217,c1
2,226,819,-108219,c1
1,227,820,-108220,c1
2,226,819,-108222,c1
5,223,816,-108227,c1
3,225,818,-108230,c1
1,227,820,-108231,c1
1,227,820,-108232,c1
2,226,819,-108234,c1
1,227,820,-108235,c1
0,228,821,-108235,c1
1,227,820,-108236,c1
2,226,819,-108238,c1
1,227,820,-108239,c1
5,223,816,-108244,c1
2,226,819,-108246,c1
1,227,820,-108247,c1
2,226,819,-108249,c1
1,227,820,-108250,c1
1,227,820,-108251,c1
1,227,820,-108252,c1
1,227,820,-108253,c1
0,228,821,-108253,c1
1,227,820,-108254,c1
1,227,820,-108255,c1
1,227,820,-108256,c1
1,227,820,-108257,c1
1,227,820,-108258,c1
2,226,819,-108260,c1
1,227,820,-108261,c1
4,224,817,-108265,c1
1,227,820,-108266,c1
1,227,820,-108267,c1
17,211,804,-108284,c1
1,227,820,-108285,c1
1,227,820,-108286,c1
1,227,820,-108287,c1
0,228,821,-108287,c1
2,226,819,-108289,c1
2,226,819,-108291,c1
0,228,821,-108291,c1
1,227,820,-108292,c1
1,227,820,-108293,c1
1,227,820,-108294,c1
8,220,813,-108302,c1
0,228,821,-108302,c1
0,228,821,-108302,c1
1,227,820,-108303,c1
1,227,820,-108304,c1
1,227,820,-108305,c1
1,227,820,-108306,c1
2,226,819,-108308,c1
19,209,802,-108327,c1
2,226,819,-108329,c1
1,227,820,-108330,c1
8,220,813,-108338,c1
1,227,820,-108339,c1
5,223,816,-108344,c1
0,228,821,-108344,c1
0,228,821,-108344,c1
1,227,820,-108345,c1
6,222,815,-108351,c1
11,217,810,-108362,c1
9,219,812,-108371,c1
5,223,816,-108376,c1
1,227,820,-108377,c1
3,225,818,-108380,c1
22,206,799,-108402,c1
46,182,775,-108448,c1
2,226,819,-108450,c1
4,224,817,-108454,c1
3,225,818,-108457,c1
1,227,820,-108458,c1
6,222,815,-108464,c1
18,210,803,-108482,c1
147,81,674,-108629,c1
148,80,673,-108777,c1
0,228,821,-108777,c1
8,220,813,-108785,c1
3,225,818,-108788,c1
24,204,797,-108812,c1
11,217,810,-108823,c1
2,226,819,-108825,c1
0,228,821,-108825,c1
1,227,820,-108826,c1
4,224,817,-108830,c1
1,227,820,-108831,c1
1,227,820,-108832,c1
2,226,819,-108834,c1
10,218,811,-108844,c1
4,224,817,-108848,c1
2,226,819,-108850,c1
8,220,813,-108858,c1
70,158,751,-108928,c1
1,227,820,-108929,c1
7,221,814,-108936,c1
1,227,820,-108937,c1
3,225,818,-108940,c1
0,228,821,-108940,c1
0,228,821,-108940,c1
13,215,808,-108953,c1
0,228,821,-108953,c1
0,228,821,-108953,c1
0,228,821,-108953,c1
2,226,819,-108955,c1
2,226,819,-108957,c1
2,226,819,-108959,c1
1,227,820,-108960,c1
2,226,819,-108962,c1
1,227,820,-108963,c1
1,227,820,-108964,c1
2,226,819,-108966,c1
0,228,821,-108966,c1
0,228,821,-108966,c1
0,228,821,-108966,c1
0,228,821,-108966,c1
8,220,813,-108974,c1
3,225,818,-108977,c1
20,208,801,-108997,c1
2,226,819,-108999,c1
2,226,819,-109001,c1
1,227,820,-109002,c1
1,227,820,-109003,c1
2,226,819,-109005,c1
7,221,814,-109012,c1
1,227,820,-109013,c1
1,227,820,-109014,c1
0,228,821,-109014,c1
1,227,820,-109015,c1
21,207,800,-109036,c1
1,227,820,-109037,c1
16,212,805,-109053,c1
21,207,800,-109074,c1
3,225,818,-109077,c1
1,227,820,-109078,c1
0,228,821,-109078,c1
0,228,821,-109078,c1
13,215,808,-109091,c1
2,226,819,-109093,c1
2,226,819,-109095,c1
4,224,817,-109099,c1
0,228,821,-109099,c1
0,228,821,-109099,c1
1,227,820,-109100,c1
6,222,815,-109106,c1
2,226,819,-109108,c1
1,227,820,-109109,c1
0,228,821,-109109,c1
8,220,813,-109117,c1
54,174,767,-109171,c1
1,227,820,-109172,c1
3,225,818,-109175,c1
1,227,820,-109176,c1
2,226,819,-109178,c1
6,222,815,-109184,c1
16,212,805,-109200,c1
1,227,820,-109201,c1
25,203,796,-109226,c1
4,224,817,-109230,c1
0,228,821,-109230,c1
1,227,820,-109231,c1
3,225,818,-109234,c1
3,225,818,-109237,c1
0,228,821,-109237,c1
0,228,821,-109237,c1
2,226,819,-109239,c1
0,228,821,-109239,c1
2,226,819,-109241,c1
1,227,820,-109242,c1
1,227,820,-109243,c1
1,227,820,-109244,c1
9,219,812,-109253,c1
0,228,821,-109253,c1
0,228,821,-109253,c1
6,222,815,-109259,c1
5,223,816,-109264,c1
11,217,810,-109275,c1
43,185,778,-109318,c1
7,221,814,-109325,c1
4,224,817,-109329,c1
0,228,821,-109329,c1
1,227,820,-109330,c1
2,226,819,-109332,c1
1,227,820,-109333,c1
1,227,820,-109334,c1
2,226,819,-109336,c1
2,226,819,-109338,c1
12,216,809,-109350,c1
1,227,820,-109351,c1
5,223,816,-109356,c1
1,227,820,-109357,c1
1,227,820,-109358,c1
13,215,808,-109371,c1
2,226,819,-109373,c1
288,-60,533,-109661,c1
0,228,821,-109661,c1
1,227,820,-109662,c1
1,227,820,-109663,c1
14,214,807,-109677,c1
0,228,821,-109677,c1
1,227,820,-109678,c1
1,227,820,-109679,c1
13,215,808,-109692,c1
18,210,803,-109710,c1
3,225,818,-109713,c1
6,222,815,-109719,c1
0,228,821,-109719,c1
0,228,821,-109719,c1
1,227,820,-109720,c1
1,227,820,-109721,c1
1,227,820,-109722,c1
1,227,820,-109723,c1
0,228,821,-109723,c1
0,228,821,-109723,c1
1,227,820,-109724,c1
1,227,820,-109725,c1
1,227,820,-109726,c1
0,228,821,-109726,c1
0,228,821,-109726,c1
2,226,819,-109728,c1
1,227,820,-109729,c1
0,228,821,-109729,c1
1,227,820,-109730,c1
0,228,821,-109730,c1
0,228,821,-109730,c1
0,228,821,-109730,c1
1,227,820,-109731,c1
1,227,820,-109732,c1
1,227,820,-109733,c1
0,228,821,-109733,c1
0,228,821,-109733,c1
0,228,821,-109733,c1
0,228,821,-109733,c1
1,227,820,-109734,c1
3,225,818,-109737,c1
0,228,821,-109737,c1
6,222,815,-109743,c1
1,227,820,-109744,c1
1,227,820,-109745,c1
3,225,818,-109748,c1
3,225,818,-109751,c1
1,227,820,-109752,c1
3,225,818,-109755,c1
3,225,818,-109758,c1
1,227,820,-109759,c1
1,227,820,-109760,c1
3,225,818,-109763,c1
1,227,820,-109764,c1
1,227,820,-109765,c1
1,227,820,-109766,c1
2,226,819,-109768,c1
1,227,820,-109769,c1
2,226,819,-109771,c1
1,227,820,-109772,c1
1,227,820,-109773,c1
1,227,820,-109774,c1
1,227,820,-109775,c1
0,228,821,-109775,c1
1,227,820,-109776,c1
4,224,817,-109780,c1
1,227,820,-109781,c1
1,227,820,-109782,c1
2,226,819,-109784,c1
9,219,812,-109793,c1
4,224,817,-109797,c1
1,227,820,-109798,c1
1,227,820,-109799,c1
4,224,817,-109803,c1
0,228,821,-109803,c1
6,222,815,-109809,c1
6,222,815,-109815,c1
3,225,818,-109818,c1
0,228,821,-109818,c1
3,225,818,-109821,c1
19,209,802,-109840,c1
1,227,820,-109841,c1
1,227,820,-109842,c1
0,228,821,-109842,c1
18,210,803,-109860,c1
3,225,818,-109863,c1
0,228,821,-109863,c1
0,228,821,-109863,c1
0,228,821,-109863,c1
0,228,821,-109863,c1
0,228,821,-109863,c1
21,207,800,-109884,c1
2,226,819,-109886,c1
2,226,819,-109888,c1
1,227,820,-109889,c1
7,221,814,-109896,c1
0,228,821,-109896,c1
0,228,821,-109896,c1
0,228,821,-109896,c1
0,228,821,-109896,c1
0,228,821,-109896,c1
0,228,821,-109896,c1
2,226,819,-109898,c1
4,224,817,-109902,c1
0,228,821,-109902,c1
9,219,812,-109911,c1
2,226,819,-109913,c1
1,227,820,-109914,c1
0,228,821,-109914,c1
1,227,820,-109915,c1
1,227,820,-109916,c1
0,228,821,-109916,c1
1,227,820,-109917,c1
1,227,820,-109918,c1
1,227,820,-109919,c1
3,225,818,-109922,c1
12,216,809,-109934,c1
35,193,786,-109969,c1
20,208,801,-109989,c1
1,227,820,-109990,c1
4,224,817,-109994,c1
0,228,821,-109994,c1
0,228,821,-109994,c1
0,228,821,-109994,c1
2,226,819,-109996,c1
5,223,816,-110001,c1
12,216,809,-110013,c1
0,228,821,-110013,c1
0,228,821,-110013,c1
0,228,821,-110013,c1
0,228,821,-110013,c1
0,228,821,-110013,c1
1,227,820,-110014,c1
1,227,820,-110015,c1
18,210,803,-110033,c1
1,227,820,-110034,c1
1,227,820,-110035,c1
5,223,816,-110040,c1
1,227,820,-110041,c1
1,227,820,-110042,c1
1,227,820,-110043,c1
1,227,820,-110044,c1
21,207,800,-110065,c1
1,227,820,-110066,c1
1,227,820,-110067,c1
11,217,810,-110078,c1
0,228,821,-110078,c1
1,227,820,-110079,c1
1,227,820,-110080,c1
2,226,819,-110082,c1
3,225,818,-110085,c1
9,219,812,-110094,c1
0,228,821,-110094,c1
0,228,821,-110094,c1
0,228,821,-110094,c1
0,228,821,-110094,c1
2,226,819,-110096,c1
1,227,820,-110097,c1
0,228,821,-110097,c1
1,227,820,-110098,c1
1,227,820,-110099,c1
13,215,808,-110112,c1
19,209,802,-110131,c1
15,213,806,-110146,c1
0,228,821,-110146,c1
2,226,819,-110148,c1
0,228,821,-110148,c1
3,225,818,-110151,c1
0,228,821,-110151,c1
0,228,821,-110151,c1
0,228,821,-110151,c1
1,227,820,-110152,c1
0,228,821,-110152,c1
1,227,820,-110153,c1
11,217,810,-110164,c1
14,214,807,-110178,c1
1,227,820,-110179,c1
8,220,813,-110187,c1
2,226,819,-110189,c1
9,219,812,-110198,c1
4,224,817,-110202,c1
18,210,803,-110220,c1
1,227,820,-110221,c1
0,228,821,-110221,c1
0,228,821,-110221,c1
0,228,821,-110221,c1
2,226,819,-110223,c1
1,227,820,-110224,c1
2,226,819,-110226,c1
11,217,810,-110237,c1
2,226,819,-110239,c1
5,223,816,-110244,c1
1,227,820,-110245,c1
1,227,820,-110246,c1
1,227,820,-110247,c1
0,228,821,-110247,c1
1,227,820,-110248,c1
1,227,820,-110249,c1
4,224,817,-110253,c1
0,228,821,-110253,c1
0,228,821,-110253,c1
0,228,821,-110253,c1
0,228,821,-110253,c1
3,225,818,-110256,c1
0,228,821,-110256,c1
0,228,821,-110256,c1
0,228,821,-110256,c1
6,222,815,-110262,c1
3,225,818,-110265,c1
6,222,815,-110271,c1
4,224,817,-110275,c1
1,227,820,-110276,c1
2,226,819,-110278,c1
4,224,817,-110282,c1
2,226,819,-110284,c1
0,228,821,-110284,c1
0,228,821,-110284,c1
0,228,821,-110284,c1
0,228,821,-110284,c1
9,219,812,-110293,c1
15,213,806,-110308,c1
2,226,819,-110310,c1
2,226,819,-110312,c1
4,224,817,-110316,c1
8,220,813,-110324,c1
1,227,820,-110325,c1
3,225,818,-110328,c1
18,210,803,-110346,c1
2,226,819,-110348,c1
2,226,819,-110350,c1
6,222,815,-110356,c1
2,226,819,-110358,c1
2,226,819,-110360,c1
2,226,819,-110362,c1
5,223,816,-110367,c1
1,227,820,-110368,c1
8,220,813,-110376,c1
1,227,820,-110377,c1
2,226,819,-110379,c1
3,225,818,-110382,c1
3,225,818,-110385,c1
8,220,813,-110393,c1
1,227,820,-110394,c1
3,225,818,-110397,c1
1,227,820,-110398,c1
14,214,807,-110412,c1
6,222,815,-110418,c1
2,226,819,-110420,c1
13,215,808,-110433,c1
10,218,811,-110443,c1
4,224,817,-110447,c1
17,211,804,-110464,c1
1,227,820,-110465,c1
1,227,820,-110466,c1
2,226,819,-110468,c1
3,225,818,-110471,c1
2,226,819,-110473,c1
1,227,820,-110474,c1
2,226,819,-110476,c1
1,227,820,-110477,c1
2,226,819,-110479,c1
15,213,806,-110494,c1
1,227,820,-110495,c1
2,226,819,-110497,c1
1,227,820,-110498,c1
1,227,820,-110499,c1
1,227,820,-110500,c1
2,226,819,-110502,c1
9,219,812,-110511,c1
1,227,820,-110512,c1
4,224,817,-110516,c1
2,226,819,-110518,c1
1,227,820,-110519,c1
10,218,811,-110529,c1
5,223,816,-110534,c1
12,216,809,-110546,c1
3,225,818,-110549,c1
2,226,819,-110551,c1
2,226,819,-110553,c1
15,213,806,-110568,c1
5,223,816,-110573,c1
5,223,816,-110578,c1
1,227,820,-110579,c1
3,225,818,-110582,c1
2,226,819,-110584,c1
12,216,809,-110596,c1
1,227,820,-110597,c1
8,220,813,-110605,c1
7,221,814,-110612,c1
1,227,820,-110613,c1
12,216,809,-110625,c1
3,225,818,-110628,c1
8,220,813,-110636,c1
10,218,811,-110646,c1
1,227,820,-110647,c1
5,223,816,-110652,c1
11,217,810,-110663,c1
1,227,820,-110664,c1
8,220,813,-110672,c1
2,226,819,-110674,c1
4,224,817,-110678,c1
1,227,820,-110679,c1
3,225,818,-110682,c1
2,226,819,-110684,c1
6,222,815,-110690,c1
2,226,819,-110692,c1
10,218,811,-110702,c1
2,226,819,-110704,c1
3,225,818,-110707,c1
5,223,816,-110712,c1
1,227,820,-110713,c1
15,213,806,-110728,c1
1,227,820,-110729,c1
4,224,817,-110733,c1
1,227,820,-110734,c1
1,227,820,-110735,c1
1,227,820,-110736,c1
2,226,819,-110738,c1
8,220,813,-110746,c1
8,220,813,-110754,c1
11,217,810,-110765,c1
1,227,820,-110766,c1
2,226,819,-110768,c1
3,225,818,-110771,c1
1,227,820,-110772,c1
1,227,820,-110773,c1
7,221,814,-110780,c1
3,225,818,-110783,c1
5,223,816,-110788,c1
8,220,813,-110796,c1
1,227,820,-110797,c1
1,227,820,-110798,c1
2,226,819,-110800,c1
1,227,820,-110801,c1
3,225,818,-110804,c1
5,223,816,-110809,c1
1,227,820,-110810,c1
1,227,820,-110811,c1
2,226,819,-110813,c1
3,225,818,-110816,c1
40,188,781,-110856,c1
1,227,820,-110857,c1
7,221,814,-110864,c1
6,222,815,-110870,c1
6,222,815,-110876,c1
3,225,818,-110879,c1
1,227,820,-110880,c1
2,226,819,-110882,c1
1,227,820,-110883,c1
3,225,818,-110886,c1
4,224,817,-110890,c1
2,226,819,-110892,c1
2,226,819,-110894,c1
3,225,818,-110897,c1
3,225,818,-110900,c1
1,227,820,-110901,c1
2,226,819,-110903,c1
1,227,820,-110904,c1
2,226,819,-110906,c1
3,225,818,-110909,c1
3,225,818,-110912,c1
2,226,819,-110914,c1
4,224,817,-110918,c1
2,226,819,-110920,c1
5,223,816,-110925,c1
1,227,820,-110926,c1
8,220,813,-110934,c1
28,200,793,-110962,c1
2,226,819,-110964,c1
1,227,820,-110965,c1
2,226,819,-110967,c1
4,224,817,-110971,c1
1,227,820,-110972,c1
1,227,820,-110973,c1
5,223,816,-110978,c1
1,227,820,-110979,c1
5,223,816,-110984,c1
2,226,819,-110986,c1
2,226,819,-110988,c1
5,223,816,-110993,c1
6,222,815,-110999,c1
2,226,819,-111001,c1
1,227,820,-111002,c1
7,221,814,-111009,c1
41,187,780,-111050,c1
2,226,819,-111052,c1
1,227,820,-111053,c1
4,224,817,-111057,c1
4,224,817,-111061,c1
3,225,818,-111064,c1
22,206,799,-111086,c1
1,227,820,-111087,c1
4,224,817,-111091,c1
1,227,820,-111092,c1
4,224,817,-111096,c1
7,221,814,-111103,c1
3,225,818,-111106,c1
18,210,803,-111124,c1
6,222,815,-111130,c1
22,206,799,-111152,c1
5,223,816,-111157,c1
16,212,805,-111173,c1
6,222,815,-111179,c1
2,226,819,-111181,c1
2,226,819,-111183,c1
1,227,820,-111184,c1
3,225,818,-111187,c1
4,224,817,-111191,c1
2,226,819,-111193,c1
2,226,819,-111195,c1
5,223,816,-111200,c1
2,226,819,-111202,c1
1,227,820,-111203,c1
12,216,809,-111215,c1
22,206,799,-111237,c1
3,225,818,-111240,c1
8,220,813,-111248,c1
2,226,819,-111250,c1
2,226,819,-111252,c1
27,201,794,-111279,c1
4,224,817,-111283,c1
2,226,819,-111285,c1
3,225,818,-111288,c1
5,223,816,-111293,c1
1,227,820,-111294,c1
3,225,818,-111297,c1
2,226,819,-111299,c1
4,224,817,-111303,c1
3,225,818,-111306,c1
4,224,817,-111310,c1
6,222,815,-111316,c1
2,226,819,-111318,c1
2,226,819,-111320,c1
17,211,804,-111337,c1
1,227,820,-111338,c1
1,227,820,-111339,c1
4,224,817,-111343,c1
16,212,805,-111359,c1
1,227,820,-111360,c1
2,226,819,-111362,c1
2,226,819,-111364,c1
5,223,816,-111369,c1
6,222,815,-111375,c1
1,227,820,-111376,c1
4,224,817,-111380,c1
3,225,818,-111383,c1
2,226,819,-111385,c1
1,227,820,-111386,c1
3,225,818,-111389,c1
2,226,819,-111391,c1
1,227,820,-111392,c1
19,209,802,-111411,c1
3,225,818,-111414,c1
4,224,817,-111418,c1
2,226,819,-111420,c1
17,211,804,-111437,c1
1,227,820,-111438,c1
2,226,819,-111440,c1
10,218,811,-111450,c1
4,224,817,-111454,c1
3,225,818,-111457,c1
5,223,816,-111462,c1
3,225,818,-111465,c1
3,225,818,-111468,c1
4,224,817,-111472,c1
3,225,818,-111475,c1
3,225,818,-111478,c1
1,227,820,-111479,c1
6,222,815,-111485,c1
1,227,820,-111486,c1
4,224,817,-111490,c1
6,222,815,-111496,c1
6,222,815,-111502,c1
8,220,813,-111510,c1
3,225,818,-111513,c1
1,227,820,-111514,c1
1,227,820,-111515,c1
2,226,819,-111517,c1
2,226,819,-111519,c1
1,227,820,-111520,c1
1,227,820,-111521,c1
10,218,811,-111531,c1
1,227,820,-111532,c1
7,221,814,-111539,c1
6,222,815,-111545,c1
9,219,812,-111554,c1
30,198,791,-111584,c1
2,226,819,-111586,c1
6,222,815,-111592,c1
1,227,820,-111593,c1
2,226,819,-111595,c1
6,222,815,-111601,c1
2,226,819,-111603,c1
2,226,819,-111605,c1
15,213,806,-111620,c1
1,227,820,-111621,c1
2,226,819,-111623,c1
20,208,801,-111643,c1
5,223,816,-111648,c1
8,220,813,-111656,c1
3,225,818,-111659,c1
2,226,819,-111661,c1
3,225,818,-111664,c1
2,226,819,-111666,c1
11,217,810,-111677,c1
1,227,820,-111678,c1
8,220,813,-111686,c1
1,227,820,-111687,c1
2,226,819,-111689,c1
27,201,794,-111716,c1
57,171,764,-111773,c1
2,226,819,-111775,c1
2,226,819,-111777,c1
1,227,820,-111778,c1
6,222,815,-111784,c1
5,223,816,-111789,c1
1,227,820,-111790,c1
1,227,820,-111791,c1
1,227,820,-111792,c1
3,225,818,-111795,c1
2,226,819,-111797,c1
35,193,786,-111832,c1
3,225,818,-111835,c1
1,227,820,-111836,c1
1,227,820,-111837,c1
7,221,814,-111844,c1
3,225,818,-111847,c1
4,224,817,-111851,c1
8,220,813,-111859,c1
3,225,818,-111862,c1
0,228,821,-111862,c1
0,228,821,-111862,c1
0,228,821,-111862,c1
0,228,821,-111862,c1
0,228,821,-111862,c1
14,214,807,-111876,c1
26,202,795,-111902,c1
6,222,815,-111908,c1
14,214,807,-111922,c1
11,217,810,-111933,c1
2,226,819,-111935,c1
3,225,818,-111938,c1
1,227,820,-111939,c1
1,227,820,-111940,c1
1,227,820,-111941,c1
10,218,811,-111951,c1
0,228,821,-111951,c1
0,228,821,-111951,c1
0,228,821,-111951,c1
3,225,818,-111954,c1
0,228,821,-111954,c1
0,228,821,-111954,c1
9,219,812,-111963,c1
1,227,820,-111964,c1
5,223,816,-111969,c1
1,227,820,-111970,c1
2,226,819,-111972,c1
6,222,815,-111978,c1
3,225,818,-111981,c1
2,226,819,-111983,c1
1,227,820,-111984,c1
1,227,820,-111985,c1
0,228,821,-111985,c1
0,228,821,-111985,c1
0,228,821,-111985,c1
0,228,821,-111985,c1
0,228,821,-111985,c1
0,228,821,-111985,c1
1,227,820,-111986,c1
3,225,818,-111989,c1
2,226,819,-111991,c1
0,228,821,-111991,c1
1,227,820,-111992,c1
1,227,820,-111993,c1
170,58,651,-112163,c1
1,227,820,-112164,c1
1,227,820,-112165,c1
2,226,819,-112167,c1
12,216,809,-112179,c1
1,227,820,-112180,c1
11,217,810,-112191,c1
0,228,821,-112191,c1
0,228,821,-112191,c1
0,228,821,-112191,c1
0,228,821,-112191,c1
0,228,821,-112191,c1
0,228,821,-112191,c1
0,228,821,-112191,c1
0,228,821,-112191,c1
0,228,821,-112191,c1
0,228,821,-112191,c1
0,228,821,-112191,c1
0,228,821,-112191,c1
0,228,821,-112191,c1
0,228,821,-112191,c1
0,228,821,-112191,c1
0,228,821,-112191,c1
1,227,820,-112192,c1
1,227,820,-112193,c1
4,224,817,-112197,c1
1,227,820,-112198,c1
2,226,819,-112200,c1
6,222,815,-112206,c1
2,226,819,-112208,c1
3,225,818,-112211,c1
1,227,820,-112212,c1
1,227,820,-112213,c1
6,222,815,-112219,c1
3,225,818,-112222,c1
1,227,820,-112223,c1
3,225,818,-112226,c1
0,228,821,-112226,c1
2,226,819,-112228,c1
1,227,820,-112229,c1
2,226,819,-112231,c1
0,228,821,-112231,c1
0,228,821,-112231,c1
1,227,820,-112232,c1
1,227,820,-112233,c1
1,227,820,-112234,c1
1,227,820,-112235,c1
1,227,820,-112236,c1
1,227,820,-112237,c1
2,226,819,-112239,c1
1,227,820,-112240,c1
33,195,788,-112273,c1
0,228,821,-112273,c1
0,228,821,-112273,c1
0,228,821,-112273,c1
0,228,821,-112273,c1
2,226,819,-112275,c1
123,105,698,-112398,c1
0,228,821,-112398,c1
0,228,821,-112398,c1
8,220,813,-112406,c1
15,213,806,-112421,c1
2,226,819,-112423,c1
3,225,818,-112426,c1
1,227,820,-112427,c1
0,228,821,-112427,c1
1,227,820,-112428,c1
1,227,820,-112429,c1
1,227,820,-112430,c1
2,226,819,-112432,c1
3,225,818,-112435,c1
2,226,819,-112437,c1
0,228,821,-112437,c1
0,228,821,-112437,c1
14,214,807,-112451,c1
1,227,820,-112452,c1
1,227,820,-112453,c1
1,227,820,-112454,c1
6,222,815,-112460,c1
1,227,820,-112461,c1
2,226,819,-112463,c1
2,226,819,-112465,c1
8,220,813,-112473,c1
1,227,820,-112474,c1
1,227,820,-112475,c1
11,217,810,-112486,c1
1,227,820,-112487,c1
0,228,821,-112487,c1
1,227,820,-112488,c1
1,227,820,-112489,c1
0,228,821,-112489,c1
5,223,816,-112494,c1
4,224,817,-112498,c1
16,212,805,-112514,c1
9,219,812,-112523,c1
2,226,819,-112525,c1
1,227,820,-112526,c1
10,218,811,-112536,c1
2,226,819,-112538,c1
2,226,819,-112540,c1
4,224,817,-112544,c1
8,220,813,-112552,c1
4,224,817,-112556,c1
5,223,816,-112561,c1
2,226,819,-112563,c1
0,228,821,-112563,c1
0,228,821,-112563,c1
4,224,817,-112567,c1
1,227,820,-112568,c1
3,225,818,-112571,c1
1,227,820,-112572,c1
1,227,820,-112573,c1
4,224,817,-112577,c1
18,210,803,-112595,c1
2,226,819,-112597,c1
5,223,816,-112602,c1
9,219,812,-112611,c1
1,227,820,-112612,c1
2,226,819,-112614,c1
2,226,819,-112616,c1
1,227,820,-112617,c1
16,212,805,-112633,c1
2,226,819,-112635,c1
1,227,820,-112636,c1
1,227,820,-112637,c1
1,227,820,-112638,c1
2,226,819,-112640,c1
4,224,817,-112644,c1
1,227,820,-112645,c1
0,228,821,-112645,c1
0,228,821,-112645,c1
2,226,819,-112647,c1
1,227,820,-112648,c1
3,225,818,-112651,c1
47,181,774,-112698,c1
1,227,820,-112699,c1
8,220,813,-112707,c1
4,224,817,-112711,c1
0,228,821,-112711,c1
0,228,821,-112711,c1
1,227,820,-112712,c1
1,227,820,-112713,c1
1,227,820,-112714,c1
1,227,820,-112715,c1
1,227,820,-112716,c1
1,227,820,-112717,c1
1,227,820,-112718,c1
0,228,821,-112718,c1
0,228,821,-112718,c1
0,228,821,-112718,c1
1,227,820,-112719,c1
1,227,820,-112720,c1
2,226,819,-112722,c1
1,227,820,-112723,c1
0,228,821,-112723,c1
0,228,821,-112723,c1
0,228,821,-112723,c1
482,-254,339,-113205,c1
3,225,818,-113208,c1
3,225,818,-113211,c1
1,227,820,-113212,c1
1,227,820,-113213,c1
2,226,819,-113215,c1
1,227,820,-113216,c1
1,227,820,-113217,c1
1,227,820,-113218,c1
1,227,820,-113219,c1
2,226,819,-113221,c1
1,227,820,-113222,c1
0,228,821,-113222,c1
0,228,821,-113222,c1
0,228,821,-113222,c1
0,228,821,-113222,c1
1,227,820,-113223,c1
4,224,817,-113227,c1
1,227,820,-113228,c1
1,227,820,-113229,c1
1,227,820,-113230,c1
1,227,820,-113231,c1
44,184,777,-113275,c1
1,227,820,-113276,c1
2,226,819,-113278,c1
15,213,806,-113293,c1
2,226,819,-113295,c1
1,227,820,-113296,c1
1,227,820,-113297,c1
1,227,820,-113298,c1
1,227,820,-113299,c1
4,224,817,-113303,c1
3,225,818,-113306,c1
0,228,821,-113306,c1
0,228,821,-113306,c1
1,227,820,-113307,c1
1,227,820,-113308,c1
1,227,820,-113309,c1
1,227,820,-113310,c1
0,228,821,-113310,c1
2,226,819,-113312,c1
2,226,819,-113314,c1
1,227,820,-113315,c1
0,228,821,-113315,c1
6,222,815,-113321,c1
1,227,820,-113322,c1
2,226,819,-113324,c1
1,227,820,-113325,c1
2,226,819,-113327,c1
4,224,817,-113331,c1
2,226,819,-113333,c1
1,227,820,-113334,c1
0,228,821,-113334,c1
18,210,803,-113352,c1
2,226,819,-113354,c1
1,227,820,-113355,c1
1,227,820,-113356,c1
14,214,807,-113370,c1
1,227,820,-113371,c1
1,227,820,-113372,c1
2,226,819,-113374,c1
1,227,820,-113375,c1
0,228,821,-113375,c1
1,227,820,-113376,c1
4,224,817,-113380,c1
1,227,820,-113381,c1
1,227,820,-113382,c1
1,227,820,-113383,c1
1,227,820,-113384,c1
3,225,818,-113387,c1
1,227,820,-113388,c1
1,227,820,-113389,c1
2,226,819,-113391,c1
1,227,820,-113392,c1
1,227,820,-113393,c1
0,228,821,-113393,c1
0,228,821,-113393,c1
6,222,815,-113399,c1
6,222,815,-113405,c1
1,227,820,-113406,c1
1,227,820,-113407,c1
1,227,820,-113408,c1
1,227,820,-113409,c1
0,228,821,-113409,c1
1,227,820,-113410,c1
0,228,821,-113410,c1
1,227,820,-113411,c1
3,225,818,-113414,c1
1,227,820,-113415,c1
1,227,820,-113416,c1
1,227,820,-113417,c1
1,227,820,-113418,c1
3,225,818,-113421,c1
0,228,821,-113421,c1
0,228,821,-113421,c1
1,227,820,-113422,c1
1,227,820,-113423,c1
1,227,820,-113424,c1
1,227,820,-113425,c1
0,228,821,-113425,c1
0,228,821,-113425,c1
0,228,821,-113425,c1
0,228,821,-113425,c1
0,228,821,-113425,c1
0,228,821,-113425,c1
0,228,821,-113425,c1
1,227,820,-113426,c1
1,227,820,-113427,c1
1,227,820,-113428,c1
1,227,820,-113429,c1
1,227,820,-113430,c1
2,226,819,-113432,c1
1,227,820,-113433,c1
1,227,820,-113434,c1
1,227,820,-113435,c1
0,228,821,-113435,c1
29,199,792,-113464,c1
0,228,821,-113464,c1
1,227,820,-113465,c1
1,227,820,-113466,c1
0,228,821,-113466,c1
0,228,821,-113466,c1
0,228,821,-113466,c1
3,225,818,-113469,c1
0,228,821,-113469,c1
1,227,820,-113470,c1
1,227,820,-113471,c1
1,227,820,-113472,c1
2,226,819,-113474,c1
3,225,818,-113477,c1
0,228,821,-113477,c1
2,226,819,-113479,c1
1,227,820,-113480,c1
1,227,820,-113481,c1
1,227,820,-113482,c1
0,228,821,-113482,c1
0,228,821,-113482,c1
1,227,820,-113483,c1
9,219,812,-113492,c1
5,223,816,-113497,c1
20,208,801,-113517,c1
2,226,819,-113519,c1
0,228,821,-113519,c1
4,224,817,-113523,c1
1,227,820,-113524,c1
1,227,820,-113525,c1
0,228,821,-113525,c1
1,227,820,-113526,c1
1,227,820,-113527,c1
0,228,821,-113527,c1
0,228,821,-113527,c1
0,228,821,-113527,c1
1,227,820,-113528,c1
0,228,821,-113528,c1
1,227,820,-113529,c1
0,228,821,-113529,c1
0,228,821,-113529,c1
1,227,820,-113530,c1
2,226,819,-113532,c1
1,227,820,-113533,c1
2,226,819,-113535,c1
1,227,820,-113536,c1
1,227,820,-113537,c1
1,227,820,-113538,c1
1,227,820,-113539,c1
1,227,820,-113540,c1
1,227,820,-113541,c1
0,228,821,-113541,c1
0,228,821,-113541,c1
1,227,820,-113542,c1
1,227,820,-113543,c1
0,228,821,-113543,c1
1,227,820,-113544,c1
0,228,821,-113544,c1
1,227,820,-113545,c1
0,228,821,-113545,c1
1,227,820,-113546,c1
0,228,821,-113546,c1
0,228,821,-113546,c1
0,228,821,-113546,c1
0,228,821,-113546,c1
2,226,819,-113548,c1
0,228,821,-113548,c1
2,226,819,-113550,c1
2,226,819,-113552,c1
0,228,821,-113552,c1
3,225,818,-113555,c1
2,226,819,-113557,c1
1,227,820,-113558,c1
1,227,820,-113559,c1
0,228,821,-113559,c1
0,228,821,-113559,c1
1,227,820,-113560,c1
0,228,821,-113560,c1
1,227,820,-113561,c1
0,228,821,-113561,c1
1,227,820,-113562,c1
3,225,818,-113565,c1
2,226,819,-113567,c1
1,227,820,-113568,c1
1,227,820,-113569,c1
7,221,814,-113576,c1
1,227,820,-113577,c1
1,227,820,-113578,c1
3,225,818,-113581,c1
14,214,807,-113595,c1
25,203,796,-113620,c1
2,226,819,-113622,c1
2,226,819,-113624,c1
3,225,818,-113627,c1
1,227,820,-113628,c1
2,226,819,-113630,c1
1,227,820,-113631,c1
1,227,820,-113632,c1
1,227,820,-113633,c1
1,227,820,-113634,c1
1,227,820,-113635,c1
1,227,820,-113636,c1
2,226,819,-113638,c1
1,227,820,-113639,c1
2,226,819,-113641,c1
1,227,820,-113642,c1
1,227,820,-113643,c1
5,223,816,-113648,c1
4,224,817,-113652,c1
4,224,817,-113656,c1
6,222,815,-113662,c1
2,226,819,-113664,c1
13,215,808,-113677,c1
0,228,821,-113677,c1
4,224,817,-113681,c1
1,227,820,-113682,c1
0,228,821,-113682,c1
0,228,821,-113682,c1
0,228,821,-113682,c1
0,228,821,-113682,c1
0,228,821,-113682,c1
1,227,820,-113683,c1
2,226,819,-113685,c1
2,226,819,-113687,c1
2,226,819,-113689,c1
1,227,820,-113690,c1
2,226,819,-113692,c1
1,227,820,-113693,c1
0,228,821,-113693,c1
0,228,821,-113693,c1
0,228,821,-113693,c1
0,228,821,-113693,c1
0,228,821,-113693,c1
0,228,821,-113693,c1
0,228,821,-113693,c1
4,224,817,-113697,c1
2,226,819,-113699,c1
23,205,798,-113722,c1
0,228,821,-113722,c1
1,227,820,-113723,c1
0,228,821,-113723,c1
0,228,821,-113723,c1
4,224,817,-113727,c1
1,227,820,-113728,c1
1,227,820,-113729,c1
1,227,820,-113730,c1
17,211,804,-113747,c1
0,228,821,-113747,c1
1,227,820,-113748,c1
1,227,820,-113749,c1
3,225,818,-113752,c1
10,218,811,-113762,c1
1,227,820,-113763,c1
2,226,819,-113765,c1
1,227,820,-113766,c1
1,227,820,-113767,c1
1,227,820,-113768,c1
1,227,820,-113769,c1
1,227,820,-113770,c1
0,228,821,-113770,c1
9,219,812,-113779,c1
0,228,821,-113779,c1
0,228,821,-113779,c1
1,227,820,-113780,c1
2,226,819,-113782,c1
1,227,820,-113783,c1
2,226,819,-113785,c1
5,223,816,-113790,c1
1,227,820,-113791,c1
10,218,811,-113801,c1
3,225,818,-113804,c1
11,217,810,-113815,c1
7,221,814,-113822,c1
0,228,821,-113822,c1
7,221,814,-113829,c1
4,224,817,-113833,c1
3,225,818,-113836,c1
7,221,814,-113843,c1
3,225,818,-113846,c1
1,227,820,-113847,c1
1,227,820,-113848,c1
2,226,819,-113850,c1
4,224,817,-113854,c1
48,180,773,-113902,c1
0,228,821,-113902,c1
4,224,817,-113906,c1
12,216,809,-113918,c1
11,217,810,-113929,c1
7,221,814,-113936,c1
1,227,820,-113937,c1
1,227,820,-113938,c1
1,227,820,-113939,c1
1,227,820,-113940,c1
1,227,820,-113941,c1
16,212,805,-113957,c1
0,228,821,-113957,c1
2,226,819,-113959,c1
0,228,821,-113959,c1
0,228,821,-113959,c1
16,212,805,-113975,c1
1,227,820,-113976,c1
1,227,820,-113977,c1
2,226,819,-113979,c1
2,226,819,-113981,c1
1,227,820,-113982,c1
3,225,818,-113985,c1
0,228,821,-113985,c1
0,228,821,-113985,c1
0,228,821,-113985,c1
1,227,820,-113986,c1
0,228,821,-113986,c1
0,228,821,-113986,c1
0,228,821,-113986,c1
0,228,821,-113986,c1
0,228,821,-113986,c1
0,228,821,-113986,c1
10,218,811,-113996,c1
0,228,821,-113996,c1
3,225,818,-113999,c1
6,222,815,-114005,c1
2,226,819,-114007,c1
16,212,805,-114023,c1
2,226,819,-114025,c1
6,222,815,-114031,c1
6,222,815,-114037,c1
1,227,820,-114038,c1
164,64,657,-114202,c1
7,221,814,-114209,c1
5,223,816,-114214,c1
5,223,816,-114219,c1
16,212,805,-114235,c1
1,227,820,-114236,c1
1,227,820,-114237,c1
5,223,816,-114242,c1
16,212,805,-114258,c1
1,227,820,-114259,c1
12,216,809,-114271,c1
1,227,820,-114272,c1
3,225,818,-114275,c1
2,226,819,-114277,c1
2,226,819,-114279,c1
2,226,819,-114281,c1
0,228,821,-114281,c1
0,228,821,-114281,c1
0,228,821,-114281,c1
3,225,818,-114284,c1
3,225,818,-114287,c1
0,228,821,-114287,c1
0,228,821,-114287,c1
0,228,821,-114287,c1
0,228,821,-114287,c1
1,227,820,-114288,c1
0,228,821,-114288,c1
2,226,819,-114290,c1
1,227,820,-114291,c1
0,228,821,-114291,c1
0,228,821,-114291,c1
0,228,821,-114291,c1
0,228,821,-114291,c1
1,227,820,-114292,c1
0,228,821,-114292,c1
1,227,820,-114293,c1
1,227,820,-114294,c1
0,228,821,-114294,c1
0,228,821,-114294,c1
0,228,821,-114294,c1
1,227,820,-114295,c1
0,228,821,-114295,c1
0,228,821,-114295,c1
0,228,821,-114295,c1
0,228,821,-114295,c1
0,228,821,-114295,c1
0,228,821,-114295,c1
0,228,821,-114295,c1
0,228,821,-114295,c1
0,228,821,-114295,c1
0,228,821,-114295,c1
2,226,819,-114297,c1
0,228,821,-114297,c1
0,228,821,-114297,c1
0,228,821,-114297,c1
4,224,817,-114301,c1
0,228,821,-114301,c1
1,227,820,-114302,c1
1,227,820,-114303,c1
1,227,820,-114304,c1
1,227,820,-114305,c1
1,227,820,-114306,c1
1,227,820,-114307,c1
1,227,820,-114308,c1
1,227,820,-114309,c1
2,226,819,-114311,c1
0,228,821,-114311,c1
0,228,821,-114311,c1
0,228,821,-114311,c1
0,228,821,-114311,c1
11,217,810,-114322,c1
0,228,821,-114322,c1
0,228,821,-114322,c1
0,228,821,-114322,c1
1,227,820,-114323,c1
17,211,804,-114340,c1
0,228,821,-114340,c1
22,206,799,-114362,c1
1,227,820,-114363,c1
6,222,815,-114369,c1
0,228,821,-114369,c1
1,227,820,-114370,c1
0,228,821,-114370,c1
1,227,820,-114371,c1
1,227,820,-114372,c1
1,227,820,-114373,c1
43,185,778,-114416,c1
2,226,819,-114418,c1
3,225,818,-114421,c1
1,227,820,-114422,c1
1,227,820,-114423,c1
6,222,815,-114429,c1
4,224,817,-114433,c1
0,228,821,-114433,c1
0,228,821,-114433,c1
1,227,820,-114434,c1
175,53,646,-114609,c1
0,228,821,-114609,c1
1,227,820,-114610,c1
0,228,821,-114610,c1
1,227,820,-114611,c1
2,226,819,-114613,c1
12,216,809,-114625,c1
21,207,800,-114646,c1
21,207,800,-114667,c1
2,226,819,-114669,c1
6,222,815,-114675,c1
2,226,819,-114677,c1
4,224,817,-114681,c1
1,227,820,-114682,c1
5,223,816,-114687,c1
2,226,819,-114689,c1
2,226,819,-114691,c1
0,228,821,-114691,c1
0,228,821,-114691,c1
2,226,819,-114693,c1
3,225,818,-114696,c1
0,228,821,-114696,c1
15,213,806,-114711,c1
1,227,820,-114712,c1
0,228,821,-114712,c1
1,227,820,-114713,c1
0,228,821,-114713,c1
1,227,820,-114714,c1
11,217,810,-114725,c1
4,224,817,-114729,c1
28,200,793,-114757,c1
1,227,820,-114758,c1
5,223,816,-114763,c1
8,220,813,-114771,c1
1,227,820,-114772,c1
12,216,809,-114784,c1
4,224,817,-114788,c1
0,228,821,-114788,c1
1,227,820,-114789,c1
6,222,815,-114795,c1
1,227,820,-114796,c1
1,227,820,-114797,c1
0,228,821,-114797,c1
0,228,821,-114797,c1
0,228,821,-114797,c1
0,228,821,-114797,c1
0,228,821,-114797,c1
0,228,821,-114797,c1
57,171,764,-114854,c1
0,228,821,-114854,c1
1,227,820,-114855,c1
0,228,821,-114855,c1
1,227,820,-114856,c1
5,223,816,-114861,c1
1,227,820,-114862,c1
2,226,819,-114864,c1
21,207,800,-114885,c1
3,225,818,-114888,c1
1,227,820,-114889,c1
1,227,820,-114890,c1
1,227,820,-114891,c1
1,227,820,-114892,c1
1,227,820,-114893,c1
1,227,820,-114894,c1
3,225,818,-114897,c1
9,219,812,-114906,c1
0,228,821,-114906,c1
0,228,821,-114906,c1
0,228,821,-114906,c1
0,228,821,-114906,c1
1,227,820,-114907,c1
2,226,819,-114909,c1
1,227,820,-114910,c1
2,226,819,-114912,c1
1,227,820,-114913,c1
1,227,820,-114914,c1
1,227,820,-114915,c1
0,228,821,-114915,c1
3,225,818,-114918,c1
4,224,817,-114922,c1
4,224,817,-114926,c1
36,192,785,-114962,c1
1,227,820,-114963,c1
3,225,818,-114966,c1
7,221,814,-114973,c1
1,227,820,-114974,c1
2,226,819,-114976,c1
1,227,820,-114977,c1
1,227,820,-114978,c1
5,223,816,-114983,c1
1,227,820,-114984,c1
41,187,780,-115025,c1
8,220,813,-115033,c1
1,227,820,-115034,c1
14,214,807,-115048,c1
1,227,820,-115049,c1
1,227,820,-115050,c1
4,224,817,-115054,c1
0,228,821,-115054,c1
0,228,821,-115054,c1
2,226,819,-115056,c1
1,227,820,-115057,c1
1,227,820,-115058,c1
0,228,821,-115058,c1
3,225,818,-115061,c1
0,228,821,-115061,c1
1,227,820,-115062,c1
0,228,821,-115062,c1
3,225,818,-115065,c1
0,228,821,-115065,c1
0,228,821,-115065,c1
1,227,820,-115066,c1
1,227,820,-115067,c1
0,228,821,-115067,c1
1,227,820,-115068,c1
2,226,819,-115070,c1
1,227,820,-115071,c1
1,227,820,-115072,c1
0,228,821,-115072,c1
3,225,818,-115075,c1
1,227,820,-115076,c1
2,226,819,-115078,c1
1,227,820,-115079,c1
1,227,820,-115080,c1
1,227,820,-115081,c1
0,228,821,-115081,c1
6,222,815,-115087,c1
1,227,820,-115088,c1
1,227,820,-115089,c1
1,227,820,-115090,c1
0,228,821,-115090,c1
1,227,820,-115091,c1
0,228,821,-115091,c1
2,226,819,-115093,c1
1,227,820,-115094,c1
1,227,820,-115095,c1
1,227,820,-115096,c1
1,227,820,-115097,c1
1,227,820,-115098,c1
1,227,820,-115099,c1
0,228,821,-115099,c1
0,228,821,-115099,c1
1,227,820,-115100,c1
0,228,821,-115100,c1
2,226,819,-115102,c1
0,228,821,-115102,c1
0,228,821,-115102,c1
2,226,819,-115104,c1
1,227,820,-115105,c1
0,228,821,-115105,c1
1,227,820,-115106,c1
0,228,821,-115106,c1
0,228,821,-115106,c1
1,227,820,-115107,c1
1,227,820,-115108,c1
1,227,820,-115109,c1
0,228,821,-115109,c1
2,226,819,-115111,c1
0,228,821,-115111,c1
1,227,820,-115112,c1
2,226,819,-115114,c1
20,208,801,-115134,c1
1,227,820,-115135,c1
0,228,821,-115135,c1
0,228,821,-115135,c1
0,228,821,-115135,c1
1,227,820,-115136,c1
0,228,821,-115136,c1
11,217,810,-115147,c1
1,227,820,-115148,c1
1,227,820,-115149,c1
1,227,820,-115150,c1
1,227,820,-115151,c1
1,227,820,-115152,c1
1,227,820,-115153,c1
2,226,819,-115155,c1
0,228,821,-115155,c1
10,218,811,-115165,c1
0,228,821,-115165,c1
35,193,786,-115200,c1
8,220,813,-115208,c1
1,227,820,-115209,c1
0,228,821,-115209,c1
0,228,821,-115209,c1
1,227,820,-115210,c1
1,227,820,-115211,c1
101,127,720,-115312,c1
1,227,820,-115313,c1
1,227,820,-115314,c1
1,227,820,-115315,c1
3,225,818,-115318,c1
1,227,820,-115319,c1
1,227,820,-115320,c1
1,227,820,-115321,c1
2,226,819,-115323,c1
1,227,820,-115324,c1
2,226,819,-115326,c1
0,228,821,-115326,c1
1,227,820,-115327,c1
3,225,818,-115330,c1
1,227,820,-115331,c1
0,228,821,-115331,c1
0,228,821,-115331,c1
16,212,805,-115347,c1
3,225,818,-115350,c1
0,228,821,-115350,c1
0,228,821,-115350,c1
0,228,821,-115350,c1
0,228,821,-115350,c1
0,228,821,-115350,c1
0,228,821,-115350,c1
0,228,821,-115350,c1
0,228,821,-115350,c1
0,228,821,-115350,c1
2,226,819,-115352,c1
0,228,821,-115352,c1
0,228,821,-115352,c1
0,228,821,-115352,c1
0,228,821,-115352,c1
0,228,821,-115352,c1
0,228,821,-115352,c1
0,228,821,-115352,c1
0,228,821,-115352,c1
1,227,820,-115353,c1
0,228,821,-115353,c1
4,224,817,-115357,c1
6,222,815,-115363,c1
0,228,821,-115363,c1
1,227,820,-115364,c1
1,227,820,-115365,c1
0,228,821,-115365,c1
51,177,770,-115416,c1
2,226,819,-115418,c1
5,223,816,-115423,c1
2,226,819,-115425,c1
8,220,813,-115433,c1
27,201,794,-115460,c1
3,225,818,-115463,c1
0,228,821,-115463,c1
3,225,818,-115466,c1
1,227,820,-115467,c1
0,228,821,-115467,c1
0,228,821,-115467,c1
5,223,816,-115472,c1
13,215,808,-115485,c1
40,188,781,-115525,c1
12,216,809,-115537,c1
2,226,819,-115539,c1
0,228,821,-115539,c1
1,227,820,-115540,c1
1,227,820,-115541,c1
2,226,819,-115543,c1
14,214,807,-115557,c1
2,226,819,-115559,c1
1,227,820,-115560,c1
9,219,812,-115569,c1
0,228,821,-115569,c1
0,228,821,-115569,c1
2,226,819,-115571,c1
1,227,820,-115572,c1
1,227,820,-115573,c1
1,227,820,-115574,c1
1,227,820,-115575,c1
2,226,819,-115577,c1
1,227,820,-115578,c1
1,227,820,-115579,c1
0,228,821,-115579,c1
0,228,821,-115579,c1
1,227,820,-115580,c1
1,227,820,-115581,c1
0,228,821,-115581,c1
0,228,821,-115581,c1
1,227,820,-115582,c1
0,228,821,-115582,c1
0,228,821,-115582,c1
1,227,820,-115583,c1
0,228,821,-115583,c1
0,228,821,-115583,c1
1,227,820,-115584,c1
1,227,820,-115585,c1
1,227,820,-115586,c1
1,227,820,-115587,c1
1,227,820,-115588,c1
1,227,820,-115589,c1
0,228,821,-115589,c1
16,212,805,-115605,c1
1,227,820,-115606,c1
1,227,820,-115607,c1
2,226,819,-115609,c1
1,227,820,-115610,c1
1,227,820,-115611,c1
2,226,819,-115613,c1
1,227,820,-115614,c1
0,228,821,-115614,c1
2,226,819,-115616,c1
1,227,820,-115617,c1
1,227,820,-115618,c1
1,227,820,-115619,c1
1,227,820,-115620,c1
0,228,821,-115620,c1
1,227,820,-115621,c1
1,227,820,-115622,c1
2,226,819,-115624,c1
1,227,820,-115625,c1
4,224,817,-115629,c1
1,227,820,-115630,c1
1,227,820,-115631,c1
5,223,816,-115636,c1
1,227,820,-115637,c1
1,227,820,-115638,c1
1,227,820,-115639,c1
1,227,820,-115640,c1
1,227,820,-115641,c1
1,227,820,-115642,c1
3,225,818,-115645,c1
1,227,820,-115646,c1
0,228,821,-115646,c1
0,228,821,-115646,c1
0,228,821,-115646,c1
1,227,820,-115647,c1
5,223,816,-115652,c1
1,227,820,-115653,c1
3,225,818,-115656,c1
0,228,821,-115656,c1
0,228,821,-115656,c1
1,227,820,-115657,c1
0,228,821,-115657,c1
0,228,821,-115657,c1
2,226,819,-115659,c1
1,227,820,-115660,c1
1,227,820,-115661,c1
1,227,820,-115662,c1
1,227,820,-115663,c1
1,227,820,-115664,c1
2,226,819,-115666,c1
0,228,821,-115666,c1
0,228,821,-115666,c1
0,228,821,-115666,c1
1,227,820,-115667,c1
1,227,820,-115668,c1
0,228,821,-115668,c1
0,228,821,-115668,c1
0,228,821,-115668,c1
1,227,820,-115669,c1
0,228,821,-115669,c1
0,228,821,-115669,c1
1,227,820,-115670,c1
1,227,820,-115671,c1
3,225,818,-115674,c1
0,228,821,-115674,c1
0,228,821,-115674,c1
1,227,820,-115675,c1
7,221,814,-115682,c1
1,227,820,-115683,c1
1,227,820,-115684,c1
7,221,814,-115691,c1
1,227,820,-115692,c1
1,227,820,-115693,c1
1,227,820,-115694,c1
1,227,820,-115695,c1
0,228,821,-115695,c1
1,227,820,-115696,c1
0,228,821,-115696,c1
0,228,821,-115696,c1
0,228,821,-115696,c1
0,228,821,-115696,c1
0,228,821,-115696,c1
0,228,821,-115696,c1
1,227,820,-115697,c1
1,227,820,-115698,c1
1,227,820,-115699,c1
0,228,821,-115699,c1
0,228,821,-115699,c1
1,227,820,-115700,c1
0,228,821,-115700,c1
1,227,820,-115701,c1
1,227,820,-115702,c1
1,227,820,-115703,c1
0,228,821,-115703,c1
0,228,821,-115703,c1
1,227,820,-115704,c1
1,227,820,-115705,c1
1,227,820,-115706,c1
1,227,820,-115707,c1
4,224,817,-115711,c1
1,227,820,-115712,c1
1,227,820,-115713,c1
2,226,819,-115715,c1
2,226,819,-115717,c1
2,226,819,-115719,c1
2,226,819,-115721,c1
1,227,820,-115722,c1
1,227,820,-115723,c1
1,227,820,-115724,c1
12,216,809,-115736,c1
41,187,780,-115777,c1
1,227,820,-115778,c1
61,167,760,-115839,c1
9,219,812,-115848,c1
3,225,818,-115851,c1
1,227,820,-115852,c1
0,228,821,-115852,c1
0,228,821,-115852,c1
0,228,821,-115852,c1
0,228,821,-115852,c1
2,226,819,-115854,c1
1,227,820,-115855,c1
7,221,814,-115862,c1
4,224,817,-115866,c1
1,227,820,-115867,c1
1,227,820,-115868,c1
1,227,820,-115869,c1
2,226,819,-115871,c1
1,227,820,-115872,c1
1,227,820,-115873,c1
0,228,821,-115873,c1
12,216,809,-115885,c1
0,228,821,-115885,c1
0,228,821,-115885,c1
1,227,820,-115886,c1
2,226,819,-115888,c1
4,224,817,-115892,c1
2,226,819,-115894,c1
5,223,816,-115899,c1
5,223,816,-115904,c1
0,228,821,-115904,c1
0,228,821,-115904,c1
1,227,820,-115905,c1
5,223,816,-115910,c1
1,227,820,-115911,c1
1,227,820,-115912,c1
1,227,820,-115913,c1
1,227,820,-115914,c1
2,226,819,-115916,c1
10,218,811,-115926,c1
1,227,820,-115927,c1
1,227,820,-115928,c1
1,227,820,-115929,c1
8,220,813,-115937,c1
1,227,820,-115938,c1
3,225,818,-115941,c1
1,227,820,-115942,c1
1,227,820,-115943,c1
0,228,821,-115943,c1
2,226,819,-115945,c1
33,195,788,-115978,c1
4,224,817,-115982,c1
0,228,821,-115982,c1
0,228,821,-115982,c1
0,228,821,-115982,c1
0,228,821,-115982,c1
60,168,761,-116042,c1
1,227,820,-116043,c1
1,227,820,-116044,c1
3,225,818,-116047,c1
3,225,818,-116050,c1
0,228,821,-116050,c1
1,227,820,-116051,c1
2,226,819,-116053,c1
4,224,817,-116057,c1
4,224,817,-116061,c1
1,227,820,-116062,c1
1,227,820,-116063,c1
1,227,820,-116064,c1
1,227,820,-116065,c1
1,227,820,-116066,c1
2,226,819,-116068,c1
5,223,816,-116073,c1
2,226,819,-116075,c1
1,227,820,-116076,c1
0,228,821,-116076,c1
2,226,819,-116078,c1
3,225,818,-116081,c1
1,227,820,-116082,c1
0,228,821,-116082,c1
1,227,820,-116083,c1
0,228,821,-116083,c1
1,227,820,-116084,c1
5,223,816,-116089,c1
1,227,820,-116090,c1
1,227,820,-116091,c1
5,223,816,-116096,c1
3,225,818,-116099,c1
0,228,821,-116099,c1
1,227,820,-116100,c1
10,218,811,-116110,c1
2,226,819,-116112,c1
1,227,820,-116113,c1
1,227,820,-116114,c1
2,226,819,-116116,c1
1,227,820,-116117,c1
1,227,820,-116118,c1
1,227,820,-116119,c1
1,227,820,-116120,c1
0,228,821,-116120,c1
2,226,819,-116122,c1
6,222,815,-116128,c1
1,227,820,-116129,c1
4,224,817,-116133,c1
42,186,779,-116175,c1
4,224,817,-116179,c1
38,190,783,-116217,c1
9,219,812,-116226,c1
113,115,708,-116339,c1
26,202,795,-116365,c1
1,227,820,-116366,c1
19,209,802,-116385,c1
13,215,808,-116398,c1
8,220,813,-116406,c1
1,227,820,-116407,c1
1,227,820,-116408,c1
1,227,820,-116409,c1
19,209,802,-116428,c1
5,223,816,-116433,c1
4,224,817,-116437,c1
2,226,819,-116439,c1
7,221,814,-116446,c1
1,227,820,-116447,c1
1,227,820,-116448,c1
1,227,820,-116449,c1
2,226,819,-116451,c1
1,227,820,-116452,c1
2,226,819,-116454,c1
2,226,819,-116456,c1
1,227,820,-116457,c1
0,228,821,-116457,c1
3,225,818,-116460,c1
5,223,816,-116465,c1
5,223,816,-116470,c1
20,208,801,-116490,c1
6,222,815,-116496,c1
6,222,815,-116502,c1
4,224,817,-116506,c1
1,227,820,-116507,c1
0,228,821,-116507,c1
4,224,817,-116511,c1
0,228,821,-116511,c1
1,227,820,-116512,c1
1,227,820,-116513,c1
1,227,820,-116514,c1
1,227,820,-116515,c1
0,228,821,-116515,c1
12,216,809,-116527,c1
3,225,818,-116530,c1
1,227,820,-116531,c1
0,228,821,-116531,c1
1,227,820,-116532,c1
0,228,821,-116532,c1
0,228,821,-116532,c1
325,-97,496,-116857,c1
0,228,821,-116857,c1
0,228,821,-116857,c1
0,228,821,-116857,c1
1,227,820,-116858,c1
1,227,820,-116859,c1
1,227,820,-116860,c1
2,226,819,-116862,c1
5,223,816,-116867,c1
2,226,819,-116869,c1
8,220,813,-116877,c1
1,227,820,-116878,c1
0,228,821,-116878,c1
1,227,820,-116879,c1
3,225,818,-116882,c1
0,228,821,-116882,c1
0,228,821,-116882,c1
0,228,821,-116882,c1
1,227,820,-116883,c1
1,227,820,-116884,c1
0,228,821,-116884,c1
0,228,821,-116884,c1
0,228,821,-116884,c1
0,228,821,-116884,c1
2,226,819,-116886,c1
1,227,820,-116887,c1
0,228,821,-116887,c1
3,225,818,-116890,c1
0,228,821,-116890,c1
0,228,821,-116890,c1
0,228,821,-116890,c1
4,224,817,-116894,c1
1,227,820,-116895,c1
0,228,821,-116895,c1
10,218,811,-116905,c1
0,228,821,-116905,c1
0,228,821,-116905,c1
0,228,821,-116905,c1
1,227,820,-116906,c1
2,226,819,-116908,c1
2,226,819,-116910,c1
0,228,821,-116910,c1
2,226,819,-116912,c1
25,203,796,-116937,c1
3,225,818,-116940,c1
1,227,820,-116941,c1
0,228,821,-116941,c1
3,225,818,-116944,c1
1,227,820,-116945,c1
1,227,820,-116946,c1
9,219,812,-116955,c1
2,226,819,-116957,c1
2,226,819,-116959,c1
31,197,790,-116990,c1
19,209,802,-117009,c1
0,228,821,-117009,c1
1,227,820,-117010,c1
2,226,819,-117012,c1
0,228,821,-117012,c1
0,228,821,-117012,c1
1,227,820,-117013,c1
1,227,820,-117014,c1
1,227,820,-117015,c1
1,227,820,-117016,c1
7,221,814,-117023,c1
1,227,820,-117024,c1
10,218,811,-117034,c1
0,228,821,-117034,c1
1,227,820,-117035,c1
0,228,821,-117035,c1
0,228,821,-117035,c1
0,228,821,-117035,c1
0,228,821,-117035,c1
1,227,820,-117036,c1
2,226,819,-117038,c1
16,212,805,-117054,c1
39,189,782,-117093,c1
0,228,821,-117093,c1
7,221,814,-117100,c1
5,223,816,-117105,c1
1,227,820,-117106,c1
3,225,818,-117109,c1
4,224,817,-117113,c1
0,228,821,-117113,c1
0,228,821,-117113,c1
4,224,817,-117117,c1
0,228,821,-117117,c1
2,226,819,-117119,c1
1,227,820,-117120,c1
1,227,820,-117121,c1
1,227,820,-117122,c1
2,226,819,-117124,c1
0,228,821,-117124,c1
0,228,821,-117124,c1
0,228,821,-117124,c1
3,225,818,-117127,c1
4,224,817,-117131,c1
0,228,821,-117131,c1
13,215,808,-117144,c1
1,227,820,-117145,c1
1,227,820,-117146,c1
1,227,820,-117147,c1
1,227,820,-117148,c1
3,225,818,-117151,c1
1,227,820,-117152,c1
1,227,820,-117153,c1
1,227,820,-117154,c1
22,206,799,-117176,c1
0,228,821,-117176,c1
0,228,821,-117176,c1
14,214,807,-117190,c1
2,226,819,-117192,c1
1,227,820,-117193,c1
1,227,820,-117194,c1
0,228,821,-117194,c1
1,227,820,-117195,c1
13,215,808,-117208,c1
1,227,820,-117209,c1
0,228,821,-117209,c1
0,228,821,-117209,c1
3,225,818,-117212,c1
1,227,820,-117213,c1
1,227,820,-117214,c1
1,227,820,-117215,c1
1,227,820,-117216,c1
1,227,820,-117217,c1
1,227,820,-117218,c1
2,226,819,-117220,c1
2,226,819,-117222,c1
3,225,818,-117225,c1
1,227,820,-117226,c1
2,226,819,-117228,c1
8,220,813,-117236,c1
0,228,821,-117236,c1
3,225,818,-117239,c1
10,218,811,-117249,c1
32,196,789,-117281,c1
1,227,820,-117282,c1
1,227,820,-117283,c1
1,227,820,-117284,c1
1,227,820,-117285,c1
1,227,820,-117286,c1
5,223,816,-117291,c1
1,227,820,-117292,c1
1,227,820,-117293,c1
0,228,821,-117293,c1
1,227,820,-117294,c1
0,228,821,-117294,c1
0,228,821,-117294,c1
1,227,820,-117295,c1
1,227,820,-117296,c1
3,225,818,-117299,c1
1,227,820,-117300,c1
5,223,816,-117305,c1
2,226,819,-117307,c1
1,227,820,-117308,c1
1,227,820,-117309,c1
2,226,819,-117311,c1
31,197,790,-117342,c1
1,227,820,-117343,c1
1,227,820,-117344,c1
1,227,820,-117345,c1
1,227,820,-117346,c1
1,227,820,-117347,c1
1,227,820,-117348,c1
1,227,820,-117349,c1
1,227,820,-117350,c1
1,227,820,-117351,c1
1,227,820,-117352,c1
1,227,820,-117353,c1
1,227,820,-117354,c1
1,227,820,-117355,c1
1,227,820,-117356,c1
1,227,820,-117357,c1
1,227,820,-117358,c1
1,227,820,-117359,c1
1,227,820,-117360,c1
1,227,820,-117361,c1
1,227,820,-117362,c1
1,227,820,-117363,c1
1,227,820,-117364,c1
1,227,820,-117365,c1
1,227,820,-117366,c1
1,227,820,-117367,c1
1,227,820,-117368,c1
1,227,820,-117369,c1
0,228,821,-117369,c1
3,225,818,-117372,c1
0,228,821,-117372,c1
2,226,819,-117374,c1
3,225,818,-117377,c1
8,220,813,-117385,c1
8,220,813,-117393,c1
13,215,808,-117406,c1
1,227,820,-117407,c1
1,227,820,-117408,c1
1,227,820,-117409,c1
1,227,820,-117410,c1
1,227,820,-117411,c1
0,228,821,-117411,c1
1,227,820,-117412,c1
0,228,821,-117412,c1
0,228,821,-117412,c1
1,227,820,-117413,c1
3,225,818,-117416,c1
1,227,820,-117417,c1
32,196,789,-117449,c1
1,227,820,-117450,c1
1,227,820,-117451,c1
1,227,820,-117452,c1
1,227,820,-117453,c1
1,227,820,-117454,c1
1,227,820,-117455,c1
0,228,821,-117455,c1
0,228,821,-117455,c1
2,226,819,-117457,c1
2,226,819,-117459,c1
2,226,819,-117461,c1
1,227,820,-117462,c1
0,228,821,-117462,c1
2,226,819,-117464,c1
3,225,818,-117467,c1
2,226,819,-117469,c1
0,228,821,-117469,c1
1,227,820,-117470,c1
3,225,818,-117473,c1
1,227,820,-117474,c1
1,227,820,-117475,c1
1,227,820,-117476,c1
1,227,820,-117477,c1
129,99,692,-117606,c1
8,220,813,-117614,c1
1,227,820,-117615,c1
2,226,819,-117617,c1
0,228,821,-117617,c1
1,227,820,-117618,c1
4,224,817,-117622,c1
1,227,820,-117623,c1
0,228,821,-117623,c1
2,226,819,-117625,c1
8,220,813,-117633,c1
6,222,815,-117639,c1
1,227,820,-117640,c1
5,223,816,-117645,c1
8,220,813,-117653,c1
0,228,821,-117653,c1
24,204,797,-117677,c1
2,226,819,-117679,c1
1,227,820,-117680,c1
1,227,820,-117681,c1
34,194,787,-117715,c1
2,226,819,-117717,c1
1,227,820,-117718,c1
0,228,821,-117718,c1
4,224,817,-117722,c1
6,222,815,-117728,c1
2,226,819,-117730,c1
5,223,816,-117735,c1
0,228,821,-117735,c1
0,228,821,-117735,c1
1,227,820,-117736,c1
0,228,821,-117736,c1
0,228,821,-117736,c1
8,220,813,-117744,c1
1,227,820,-117745,c1
0,228,821,-117745,c1
0,228,821,-117745,c1
0,228,821,-117745,c1
1,227,820,-117746,c1
2,226,819,-117748,c1
0,228,821,-117748,c1
1,227,820,-117749,c1
1,227,820,-117750,c1
0,228,821,-117750,c1
1,227,820,-117751,c1
1,227,820,-117752,c1
0,228,821,-117752,c1
1,227,820,-117753,c1
0,228,821,-117753,c1
0,228,821,-117753,c1
15,213,806,-117768,c1
1,227,820,-117769,c1
0,228,821,-117769,c1
0,228,821,-117769,c1
18,210,803,-117787,c1
2,226,819,-117789,c1
5,223,816,-117794,c1
2,226,819,-117796,c1
0,228,821,-117796,c1
1,227,820,-117797,c1
1,227,820,-117798,c1
0,228,821,-117798,c1
9,219,812,-117807,c1
0,228,821,-117807,c1
4,224,817,-117811,c1
1,227,820,-117812,c1
0,228,821,-117812,c1
2,226,819,-117814,c1
2,226,819,-117816,c1
1,227,820,-117817,c1
0,228,821,-117817,c1
0,228,821,-117817,c1
0,228,821,-117817,c1
3,225,818,-117820,c1
5,223,816,-117825,c1
0,228,821,-117825,c1
2,226,819,-117827,c1
0,228,821,-117827,c1
0,228,821,-117827,c1
0,228,821,-117827,c1
0,228,821,-117827,c1
0,228,821,-117827,c1
0,228,821,-117827,c1
0,228,821,-117827,c1
2,226,819,-117829,c1
16,212,805,-117845,c1
1,227,820,-117846,c1
7,221,814,-117853,c1
2,226,819,-117855,c1
5,223,816,-117860,c1
3,225,818,-117863,c1
1,227,820,-117864,c1
1,227,820,-117865,c1
34,194,787,-117899,c1
3,225,818,-117902,c1
0,228,821,-117902,c1
0,228,821,-117902,c1
0,228,821,-117902,c1
1,227,820,-117903,c1
1,227,820,-117904,c1
2,226,819,-117906,c1
1,227,820,-117907,c1
3,225,818,-117910,c1
1,227,820,-117911,c1
1,227,820,-117912,c1
1,227,820,-117913,c1
3,225,818,-117916,c1
4,224,817,-117920,c1
130,98,691,-118050,c1
1,227,820,-118051,c1
2,226,819,-118053,c1
0,228,821,-118053,c1
0,228,821,-118053,c1
0,228,821,-118053,c1
6,222,815,-118059,c1
1,227,820,-118060,c1
1,227,820,-118061,c1
0,228,821,-118061,c1
31,197,790,-118092,c1
1,227,820,-118093,c1
1,227,820,-118094,c1
1,227,820,-118095,c1
1,227,820,-118096,c1
1,227,820,-118097,c1
1,227,820,-118098,c1
0,228,821,-118098,c1
1,227,820,-118099,c1
18,210,803,-118117,c1
1,227,820,-118118,c1
2,226,819,-118120,c1
16,212,805,-118136,c1
0,228,821,-118136,c1
0,228,821,-118136,c1
0,228,821,-118136,c1
0,228,821,-118136,c1
2,226,819,-118138,c1
1,227,820,-118139,c1
3,225,818,-118142,c1
1,227,820,-118143,c1
1,227,820,-118144,c1
1,227,820,-118145,c1
1,227,820,-118146,c1
0,228,821,-118146,c1
0,228,821,-118146,c1
0,228,821,-118146,c1
1,227,820,-118147,c1
0,228,821,-118147,c1
0,228,821,-118147,c1
0,228,821,-118147,c1
0,228,821,-118147,c1
1,227,820,-118148,c1
0,228,821,-118148,c1
1,227,820,-118149,c1
6,222,815,-118155,c1
16,212,805,-118171,c1
10,218,811,-118181,c1
3,225,818,-118184,c1
1,227,820,-118185,c1
2,226,819,-118187,c1
2,226,819,-118189,c1
9,219,812,-118198,c1
1,227,820,-118199,c1
2,226,819,-118201,c1
1,227,820,-118202,c1
5,223,816,-118207,c1
1,227,820,-118208,c1
18,210,803,-118226,c1
0,228,821,-118226,c1
0,228,821,-118226,c1
1,227,820,-118227,c1
4,224,817,-118231,c1
1,227,820,-118232,c1
2,226,819,-118234,c1
3,225,818,-118237,c1
2,226,819,-118239,c1
1,227,820,-118240,c1
4,224,817,-118244,c1
1,227,820,-118245,c1
1,227,820,-118246,c1
1,227,820,-118247,c1
0,228,821,-118247,c1
0,228,821,-118247,c1
1,227,820,-118248,c1
1,227,820,-118249,c1
1,227,820,-118250,c1
1,227,820,-118251,c1
1,227,820,-118252,c1
0,228,821,-118252,c1
1,227,820,-118253,c1
0,228,821,-118253,c1
1,227,820,-118254,c1
0,228,821,-118254,c1
1,227,820,-118255,c1
5,223,816,-118260,c1
2,226,819,-118262,c1
3,225,818,-118265,c1
2,226,819,-118267,c1
1,227,820,-118268,c1
1,227,820,-118269,c1
1,227,820,-118270,c1
0,228,821,-118270,c1
11,217,810,-118281,c1
7,221,814,-118288,c1
5,223,816,-118293,c1
5,223,816,-118298,c1
28,200,793,-118326,c1
4,224,817,-118330,c1
2,226,819,-118332,c1
7,221,814,-118339,c1
4,224,817,-118343,c1
1,227,820,-118344,c1
2,226,819,-118346,c1
0,228,821,-118346,c1
1,227,820,-118347,c1
1,227,820,-118348,c1
0,228,821,-118348,c1
0,228,821,-118348,c1
2,226,819,-118350,c1
1,227,820,-118351,c1
0,228,821,-118351,c1
0,228,821,-118351,c1
1,227,820,-118352,c1
2,226,819,-118354,c1
9,219,812,-118363,c1
1,227,820,-118364,c1
4,224,817,-118368,c1
0,228,821,-118368,c1
1,227,820,-118369,c1
8,220,813,-118377,c1
2,226,819,-118379,c1
14,214,807,-118393,c1
1,227,820,-118394,c1
0,228,821,-118394,c1
0,228,821,-118394,c1
12,216,809,-118406,c1
1,227,820,-118407,c1
2,226,819,-118409,c1
1,227,820,-118410,c1
0,228,821,-118410,c1
2,226,819,-118412,c1
6,222,815,-118418,c1
1,227,820,-118419,c1
1,227,820,-118420,c1
1,227,820,-118421,c1
1,227,820,-118422,c1
0,228,821,-118422,c1
2,226,819,-118424,c1
8,220,813,-118432,c1
2,226,819,-118434,c1
0,228,821,-118434,c1
0,228,821,-118434,c1
0,228,821,-118434,c1
0,228,821,-118434,c1
1,227,820,-118435,c1
1,227,820,-118436,c1
5,223,816,-118441,c1
1,227,820,-118442,c1
0,228,821,-118442,c1
0,228,821,-118442,c1
0,228,821,-118442,c1
0,228,821,-118442,c1
0,228,821,-118442,c1
2,226,819,-118444,c1
0,228,821,-118444,c1
20,208,801,-118464,c1
2,226,819,-118466,c1
2,226,819,-118468,c1
0,228,821,-118468,c1
0,228,821,-118468,c1
1,227,820,-118469,c1
1,227,820,-118470,c1
0,228,821,-118470,c1
1,227,820,-118471,c1
2,226,819,-118473,c1
1,227,820,-118474,c1
1,227,820,-118475,c1
0,228,821,-118475,c1
0,228,821,-118475,c1
0,228,821,-118475,c1
1,227,820,-118476,c1
1,227,820,-118477,c1
0,228,821,-118477,c1
1,227,820,-118478,c1
0,228,821,-118478,c1
1,227,820,-118479,c1
1,227,820,-118480,c1
1,227,820,-118481,c1
2,226,819,-118483,c1
0,228,821,-118483,c1
8,220,813,-118491,c1
4,224,817,-118495,c1
32,196,789,-118527,c1
13,215,808,-118540,c1
22,206,799,-118562,c1
1,227,820,-118563,c1
2,226,819,-118565,c2
0,228,821,-118565,c1
0,228,821,-118565,c1
1,227,820,-118566,c1
5,223,816,-118571,c1
10,218,811,-118581,c1
1,227,820,-118582,c1
1,227,820,-118583,c1
1,227,820,-118584,c1
665,-437,156,-119249,c1
1,227,820,-119250,c1
1,227,820,-119251,c1
1,227,820,-119252,c1
2,226,819,-119254,c1
1,227,820,-119255,c1
1,227,820,-119256,c1
0,228,821,-119256,c1
1,227,820,-119257,c1
1,227,820,-119258,c1
1,227,820,-119259,c1
1,227,820,-119260,c1
0,228,821,-119260,c1
1,227,820,-119261,c1
2,226,819,-119263,c1
1,227,820,-119264,c1
0,228,821,-119264,c1
1,227,820,-119265,c1
2,226,819,-119267,c1
1,227,820,-119268,c1
1,227,820,-119269,c1
2,226,819,-119271,c1
1,227,820,-119272,c1
5,223,816,-119277,c1
1,227,820,-119278,c1
1,227,820,-119279,c1
1,227,820,-119280,c1
1,227,820,-119281,c1
1,227,820,-119282,c1
1,227,820,-119283,c1
2,226,819,-119285,c1
0,228,821,-119285,c1
0,228,821,-119285,c1
11,217,810,-119296,c1
1,227,820,-119297,c1
5,223,816,-119302,c1
2,226,819,-119304,c1
0,228,821,-119304,c1
1,227,820,-119305,c1
1,227,820,-119306,c1
1,227,820,-119307,c1
5,223,816,-119312,c1
1,227,820,-119313,c1
1,227,820,-119314,c1
167,61,654,-119481,c1
0,228,821,-119481,c1
3,225,818,-119484,c1
1,227,820,-119485,c1
1,227,820,-119486,c1
1,227,820,-119487,c1
6,222,815,-119493,c1
10,218,811,-119503,c1
0,228,821,-119503,c1
2,226,819,-119505,c1
2,226,819,-119507,c1
48,180,773,-119555,c1
10,218,811,-119565,c1
1,227,820,-119566,c1
0,228,821,-119566,c1
1,227,820,-119567,c1
3,225,818,-119570,c1
4,224,817,-119574,c1
0,228,821,-119574,c1
0,228,821,-119574,c1
0,228,821,-119574,c1
0,228,821,-119574,c1
0,228,821,-119574,c1
0,228,821,-119574,c1
0,228,821,-119574,c1
0,228,821,-119574,c1
5,223,816,-119579,c1
0,228,821,-119579,c1
2,226,819,-119581,c1
0,228,821,-119581,c1
1,227,820,-119582,c1
0,228,821,-119582,c1
0,228,821,-119582,c1
1,227,820,-119583,c1
4,224,817,-119587,c1
2,226,819,-119589,c1
3,225,818,-119592,c1
1,227,820,-119593,c1
0,228,821,-119593,c1
2,226,819,-119595,c1
0,228,821,-119595,c1
1,227,820,-119596,c1
1,227,820,-119597,c1
2,226,819,-119599,c1
1,227,820,-119600,c1
3,225,818,-119603,c1
4,224,817,-119607,c1
1,227,820,-119608,c1
1,227,820,-119609,c1
0,228,821,-119609,c1
0,228,821,-119609,c1
10,218,811,-119619,c1
1,227,820,-119620,c1
3,225,818,-119623,c1
1,227,820,-119624,c1
2,226,819,-119626,c1
11,217,810,-119637,c1
3,225,818,-119640,c1
0,228,821,-119640,c1
0,228,821,-119640,c1
3,225,818,-119643,c1
14,214,807,-119657,c1
2,226,819,-119659,c1
1,227,820,-119660,c1
3,225,818,-119663,c1
4,224,817,-119667,c1
4,224,817,-119671,c1
2,226,819,-119673,c1
0,228,821,-119673,c1
0,228,821,-119673,c1
1,227,820,-119674,c1
2,226,819,-119676,c1
1,227,820,-119677,c1
1,227,820,-119678,c1
1,227,820,-119679,c1
1,227,820,-119680,c1
2,226,819,-119682,c1
1,227,820,-119683,c1
10,218,811,-119693,c1
0,228,821,-119693,c1
1,227,820,-119694,c1
8,220,813,-119702,c1
1,227,820,-119703,c1
0,228,821,-119703,c1
12,216,809,-119715,c1
0,228,821,-119715,c1
1,227,820,-119716,c1
1,227,820,-119717,c1
1,227,820,-119718,c1
1,227,820,-119719,c1
1,227,820,-119720,c1
2,226,819,-119722,c1
2,226,819,-119724,c1
1,227,820,-119725,c1
2,226,819,-119727,c1
1,227,820,-119728,c1
1,227,820,-119729,c1
0,228,821,-119729,c1
1,227,820,-119730,c1
0,228,821,-119730,c1
0,228,821,-119730,c1
0,228,821,-119730,c1
1,227,820,-119731,c1
0,228,821,-119731,c1
3,225,818,-119734,c1
1,227,820,-119735,c1
1,227,820,-119736,c1
0,228,821,-119736,c1
0,228,821,-119736,c1
1,227,820,-119737,c1
1,227,820,-119738,c1
0,228,821,-119738,c1
1,227,820,-119739,c1
50,178,771,-119789,c1
0,228,821,-119789,c1
0,228,821,-119789,c1
0,228,821,-119789,c1
3,225,818,-119792,c1
5,223,816,-119797,c1
1,227,820,-119798,c1
0,228,821,-119798,c1
0,228,821,-119798,c1
0,228,821,-119798,c1
10,218,811,-119808,c1
55,173,766,-119863,c1
2,226,819,-119865,c1
9,219,812,-119874,c1
1,227,820,-119875,c1
0,228,821,-119875,c1
1,227,820,-119876,c1
3,225,818,-119879,c1
0,228,821,-119879,c1
0,228,821,-119879,c1
0,228,821,-119879,c1
0,228,821,-119879,c1
0,228,821,-119879,c1
0,228,821,-119879,c1
3,225,818,-119882,c1
0,228,821,-119882,c1
0,228,821,-119882,c1
0,228,821,-119882,c1
9,219,812,-119891,c1
0,228,821,-119891,c1
0,228,821,-119891,c1
0,228,821,-119891,c1
1,227,820,-119892,c1
9,219,812,-119901,c1
30,198,791,-119931,c1
2,226,819,-119933,c1
1,227,820,-119934,c1
3,225,818,-119937,c1
0,228,821,-119937,c1
1,227,820,-119938,c1
1,227,820,-119939,c1
0,228,821,-119939,c1
0,228,821,-119939,c1
0,228,821,-119939,c1
0,228,821,-119939,c1
0,228,821,-119939,c1
11,217,810,-119950,c1
1,227,820,-119951,c1
0,228,821,-119951,c1
1,227,820,-119952,c1
0,228,821,-119952,c1
0,228,821,-119952,c1
1,227,820,-119953,c1
1,227,820,-119954,c1
0,228,821,-119954,c1
1,227,820,-119955,c1
1,227,820,-119956,c1
5,223,816,-119961,c1
1,227,820,-119962,c1
4,224,817,-119966,c1
2,226,819,-119968,c1
3,225,818,-119971,c1
5,223,816,-119976,c1
2,226,819,-119978,c1
1,227,820,-119979,c1
1,227,820,-119980,c1
2,226,819,-119982,c1
1,227,820,-119983,c1
1,227,820,-119984,c1
1,227,820,-119985,c1
2,226,819,-119987,c1
1,227,820,-119988,c1
2,226,819,-119990,c1
24,204,797,-120014,c1
0,228,821,-120014,c1
0,228,821,-120014,c1
6,222,815,-120020,c1
0,228,821,-120020,c1
0,228,821,-120020,c1
0,228,821,-120020,c1
3,225,818,-120023,c1
25,203,796,-120048,c1
0,228,821,-120048,c1
0,228,821,-120048,c1
0,228,821,-120048,c1
0,228,821,-120048,c1
0,228,821,-120048,c1
3,225,818,-120051,c1
1,227,820,-120052,c1
0,228,821,-120052,c1
0,228,821,-120052,c1
5,223,816,-120057,c1
0,228,821,-120057,c1
0,228,821,-120057,c1
0,228,821,-120057,c1
6,222,815,-120063,c1
0,228,821,-120063,c1
0,228,821,-120063,c1
1,227,820,-120064,c1
23,205,798,-120087,c1
0,228,821,-120087,c1
0,228,821,-120087,c1
1,227,820,-120088,c1
1,227,820,-120089,c1
16,212,805,-120105,c1
1,227,820,-120106,c1
2,226,819,-120108,c1
5,223,816,-120113,c1
71,157,750,-120184,c1
1,227,820,-120185,c1
0,228,821,-120185,c1
3,225,818,-120188,c1
2,226,819,-120190,c1
1,227,820,-120191,c1
2,226,819,-120193,c1
1,227,820,-120194,c1
0,228,821,-120194,c1
0,228,821,-120194,c1
0,228,821,-120194,c1
5,223,816,-120199,c1
1,227,820,-120200,c1
3,225,818,-120203,c1
3,225,818,-120206,c1
1,227,820,-120207,c1
1,227,820,-120208,c1
2,226,819,-120210,c1
0,228,821,-120210,c1
0,228,821,-120210,c1
0,228,821,-120210,c1
0,228,821,-120210,c1
0,228,821,-120210,c1
0,228,821,-120210,c1
4,224,817,-120214,c1
1,227,820,-120215,c1
0,228,821,-120215,c1
1,227,820,-120216,c1
1,227,820,-120217,c1
8,220,813,-120225,c1
0,228,821,-120225,c1
0,228,821,-120225,c1
0,228,821,-120225,c1
1,227,820,-120226,c1
13,215,808,-120239,c1
5,223,816,-120244,c1
23,205,798,-120267,c1
1,227,820,-120268,c1
2,226,819,-120270,c1
11,217,810,-120281,c1
8,220,813,-120289,c1
3,225,818,-120292,c1
1,227,820,-120293,c1
1,227,820,-120294,c1
1,227,820,-120295,c1
9,219,812,-120304,c1
0,228,821,-120304,c1
2,226,819,-120306,c1
6,222,815,-120312,c1
1,227,820,-120313,c1
7,221,814,-120320,c1
0,228,821,-120320,c1
1,227,820,-120321,c1
0,228,821,-120321,c1
0,228,821,-120321,c1
0,228,821,-120321,c1
1,227,820,-120322,c1
4,224,817,-120326,c1
0,228,821,-120326,c1
0,228,821,-120326,c1
0,228,821,-120326,c1
0,228,821,-120326,c1
0,228,821,-120326,c1
0,228,821,-120326,c1
0,228,821,-120326,c1
0,228,821,-120326,c1
0,228,821,-120326,c1
0,228,821,-120326,c1
0,228,821,-120326,c1
0,228,821,-120326,c1
5,223,816,-120331,c1
3,225,818,-120334,c1
0,228,821,-120334,c1
0,228,821,-120334,c1
3,225,818,-120337,c1
5,223,816,-120342,c1
3,225,818,-120345,c1
0,228,821,-120345,c1
4,224,817,-120349,c1
1,227,820,-120350,c1
1,227,820,-120351,c1
1,227,820,-120352,c1
2,226,819,-120354,c1
0,228,821,-120354,c1
0,228,821,-120354,c1
0,228,821,-120354,c1
0,228,821,-120354,c1
1,227,820,-120355,c1
0,228,821,-120355,c1
3,225,818,-120358,c1
0,228,821,-120358,c1
44,184,777,-120402,c1
0,228,821,-120402,c1
0,228,821,-120402,c1
1,227,820,-120403,c1
3,225,818,-120406,c1
1,227,820,-120407,c1
1,227,820,-120408,c1
1,227,820,-120409,c1
0,228,821,-120409,c1
0,228,821,-120409,c1
0,228,821,-120409,c1
1,227,820,-120410,c1
1,227,820,-120411,c1
0,228,821,-120411,c1
0,228,821,-120411,c1
0,228,821,-120411,c1
0,228,821,-120411,c1
0,228,821,-120411,c1
0,228,821,-120411,c1
1,227,820,-120412,c1
0,228,821,-120412,c1
0,228,821,-120412,c1
0,228,821,-120412,c1
0,228,821,-120412,c1
1,227,820,-120413,c1
0,228,821,-120413,c1
0,228,821,-120413,c1
0,228,821,-120413,c1
0,228,821,-120413,c1
0,228,821,-120413,c1
0,228,821,-120413,c1
0,228,821,-120413,c1
0,228,821,-120413,c1
0,228,821,-120413,c1
0,228,821,-120413,c1
0,228,821,-120413,c1
1,227,820,-120414,c1
0,228,821,-120414,c1
0,228,821,-120414,c1
0,228,821,-120414,c1
0,228,821,-120414,c1
0,228,821,-120414,c1
0,228,821,-120414,c1
0,228,821,-120414,c1
0,228,821,-120414,c1
0,228,821,-120414,c1
1,227,820,-120415,c1
0,228,821,-120415,c1
0,228,821,-120415,c1
7,221,814,-120422,c1
0,228,821,-120422,c1
3,225,818,-120425,c1
1,227,820,-120426,c1
0,228,821,-120426,c1
0,228,821,-120426,c1
0,228,821,-120426,c1
0,228,821,-120426,c1
0,228,821,-120426,c1
0,228,821,-120426,c1
0,228,821,-120426,c1
0,228,821,-120426,c1
0,228,821,-120426,c1
1,227,820,-120427,c1
0,228,821,-120427,c1
0,228,821,-120427,c1
2,226,819,-120429,c1
4,224,817,-120433,c1
1,227,820,-120434,c1
1,227,820,-120435,c1
0,228,821,-120435,c1
0,228,821,-120435,c1
2,226,819,-120437,c1
3,225,818,-120440,c1
0,228,821,-120440,c1
0,228,821,-120440,c1
0,228,821,-120440,c1
0,228,821,-120440,c1
0,228,821,-120440,c1
0,228,821,-120440,c1
0,228,821,-120440,c1
0,228,821,-120440,c1
0,228,821,-120440,c1
0,228,821,-120440,c1
0,228,821,-120440,c1
0,228,821,-120440,c1
2,226,819,-120442,c1
1,227,820,-120443,c1
1,227,820,-120444,c1
1,227,820,-120445,c1
1,227,820,-120446,c1
5,223,816,-120451,c1
3,225,818,-120454,c1
0,228,821,-120454,c1
0,228,821,-120454,c1
1,227,820,-120455,c1
0,228,821,-120455,c1
0,228,821,-120455,c1
8,220,813,-120463,c1
0,228,821,-120463,c1
4,224,817,-120467,c1
4,224,817,-120471,c1
0,228,821,-120471,c1
0,228,821,-120471,c1
0,228,821,-120471,c1
2,226,819,-120473,c1
2,226,819,-120475,c1
0,228,821,-120475,c1
0,228,821,-120475,c1
10,218,811,-120485,c1
0,228,821,-120485,c1
0,228,821,-120485,c1
4,224,817,-120489,c1
3,225,818,-120492,c1
2,226,819,-120494,c1
2,226,819,-120496,c1
3,225,818,-120499,c1
0,228,821,-120499,c1
0,228,821,-120499,c1
0,228,821,-120499,c1
1,227,820,-120500,c1
1,227,820,-120501,c1
2,226,819,-120503,c1
0,228,821,-120503,c1
0,228,821,-120503,c1
0,228,821,-120503,c1
0,228,821,-120503,c1
0,228,821,-120503,c1
0,228,821,-120503,c1
0,228,821,-120503,c1
0,228,821,-120503,c1
1,227,820,-120504,c1
1,227,820,-120505,c1
10,218,811,-120515,c1
1,227,820,-120516,c1
0,228,821,-120516,c1
2,226,819,-120518,c1
11,217,810,-120529,c1
1,227,820,-120530,c1
1,227,820,-120531,c1
1,227,820,-120532,c1
0,228,821,-120532,c1
0,228,821,-120532,c1
0,228,821,-120532,c1
1,227,820,-120533,c1
0,228,821,-120533,c1
1,227,820,-120534,c1
1,227,820,-120535,c1
0,228,821,-120535,c1
2,226,819,-120537,c1
0,228,821,-120537,c1
1,227,820,-120538,c1
0,228,821,-120538,c1
1,227,820,-120539,c1
3,225,818,-120542,c1
0,228,821,-120542,c1
0,228,821,-120542,c1
4,224,817,-120546,c1
6,222,815,-120552,c1
0,228,821,-120552,c1
1,227,820,-120553,c1
1,227,820,-120554,c1
0,228,821,-120554,c1
1,227,820,-120555,c1
1,227,820,-120556,c1
0,228,821,-120556,c1
0,228,821,-120556,c1
0,228,821,-120556,c1
0,228,821,-120556,c1
0,228,821,-120556,c1
0,228,821,-120556,c1
1,227,820,-120557,c1
0,228,821,-120557,c1
0,228,821,-120557,c1
0,228,821,-120557,c1
0,228,821,-120557,c1
3,225,818,-120560,c1
1,227,820,-120561,c1
1,227,820,-120562,c1
2,226,819,-120564,c1
5,223,816,-120569,c1
2,226,819,-120571,c1
1,227,820,-120572,c1
0,228,821,-120572,c1
1,227,820,-120573,c1
1,227,820,-120574,c1
1,227,820,-120575,c1
2,226,819,-120577,c1
2,226,819,-120579,c1
0,228,821,-120579,c1
0,228,821,-120579,c1
0,228,821,-120579,c1
5,223,816,-120584,c1
0,228,821,-120584,c1
0,228,821,-120584,c1
1,227,820,-120585,c1
9,219,812,-120594,c1
0,228,821,-120594,c1
5,223,816,-120599,c1
1,227,820,-120600,c1
0,228,821,-120600,c1
0,228,821,-120600,c1
0,228,821,-120600,c1
1,227,820,-120601,c1
4,224,817,-120605,c1
5,223,816,-120610,c1
1,227,820,-120611,c1
1,227,820,-120612,c1
4,224,817,-120616,c1
0,228,821,-120616,c1
0,228,821,-120616,c1
0,228,821,-120616,c1
7,221,814,-120623,c1
1,227,820,-120624,c1
4,224,817,-120628,c1
0,228,821,-120628,c1
1,227,820,-120629,c1
7,221,814,-120636,c1
2,226,819,-120638,c1
1,227,820,-120639,c1
0,228,821,-120639,c1
2,226,819,-120641,c1
8,220,813,-120649,c1
0,228,821,-120649,c1
1,227,820,-120650,c1
0,228,821,-120650,c1
0,228,821,-120650,c1
1,227,820,-120651,c1
19,209,802,-120670,c1
0,228,821,-120670,c1
0,228,821,-120670,c1
1,227,820,-120671,c1
1,227,820,-120672,c1
1,227,820,-120673,c1
1,227,820,-120674,c1
1,227,820,-120675,c1
4,224,817,-120679,c1
1,227,820,-120680,c1
14,214,807,-120694,c1
0,228,821,-120694,c1
0,228,821,-120694,c1
0,228,821,-120694,c1
1,227,820,-120695,c1
12,216,809,-120707,c1
1,227,820,-120708,c1
2,226,819,-120710,c1
1,227,820,-120711,c1
1,227,820,-120712,c1
3,225,818,-120715,c1
7,221,814,-120722,c1
1,227,820,-120723,c1
1,227,820,-120724,c1
0,228,821,-120724,c1
2,226,819,-120726,c1
1,227,820,-120727,c1
1,227,820,-120728,c1
5,223,816,-120733,c1
1,227,820,-120734,c1
2,226,819,-120736,c1
1,227,820,-120737,c1
1,227,820,-120738,c1
0,228,821,-120738,c1
0,228,821,-120738,c1
1,227,820,-120739,c1
1,227,820,-120740,c1
0,228,821,-120740,c1
0,228,821,-120740,c1
1,227,820,-120741,c1
0,228,821,-120741,c1
0,228,821,-120741,c1
0,228,821,-120741,c1
2,226,819,-120743,c1
1,227,820,-120744,c1
3,225,818,-120747,c1
2,226,819,-120749,c1
2,226,819,-120751,c1
16,212,805,-120767,c1
1,227,820,-120768,c1
1,227,820,-120769,c1
1,227,820,-120770,c1
1,227,820,-120771,c1
1,227,820,-120772,c1
1,227,820,-120773,c1
1,227,820,-120774,c1
1,227,820,-120775,c1
1,227,820,-120776,c1
1,227,820,-120777,c1
0,228,821,-120777,c1
0,228,821,-120777,c1
0,228,821,-120777,c1
0,228,821,-120777,c1
2,226,819,-120779,c1
6,222,815,-120785,c1
0,228,821,-120785,c1
2,226,819,-120787,c1
2,226,819,-120789,c1
1,227,820,-120790,c1
1,227,820,-120791,c1
1,227,820,-120792,c1
8,220,813,-120800,c1
2,226,819,-120802,c1
1,227,820,-120803,c1
5,223,816,-120808,c1
3,225,818,-120811,c1
1,227,820,-120812,c1
1,227,820,-120813,c1
1,227,820,-120814,c1
2,226,819,-120816,c1
52,176,769,-120868,c1
1,227,820,-120869,c1
1,227,820,-120870,c1
6,222,815,-120876,c1
8,220,813,-120884,c1
6,222,815,-120890,c1
9,219,812,-120899,c1
7,221,814,-120906,c1
9,219,812,-120915,c1
21,207,800,-120936,c1
1,227,820,-120937,c1
6,222,815,-120943,c1
0,228,821,-120943,c1
1,227,820,-120944,c1
1,227,820,-120945,c1
1,227,820,-120946,c1
5,223,816,-120951,c1
1,227,820,-120952,c1
1,227,820,-120953,c1
4,224,817,-120957,c1
0,228,821,-120957,c1
11,217,810,-120968,c1
4,224,817,-120972,c1
3,225,818,-120975,c1
3,225,818,-120978,c1
1,227,820,-120979,c1
0,228,821,-120979,c1
5,223,816,-120984,c1
8,220,813,-120992,c1
4,224,817,-120996,c1
4,224,817,-121000,c1
1,227,820,-121001,c1
1,227,820,-121002,c1
1,227,820,-121003,c1
1,227,820,-121004,c1
1,227,820,-121005,c1
5,223,816,-121010,c1
4,224,817,-121014,c1
5,223,816,-121019,c1
1,227,820,-121020,c1
1,227,820,-121021,c1
3,225,818,-121024,c1
1,227,820,-121025,c1
1,227,820,-121026,c1
0,228,821,-121026,c1
3,225,818,-121029,c1
0,228,821,-121029,c1
0,228,821,-121029,c1
13,215,808,-121042,c1
5,223,816,-121047,c1
0,228,821,-121047,c1
11,217,810,-121058,c1
22,206,799,-121080,c1
0,228,821,-121080,c1
0,228,821,-121080,c1
0,228,821,-121080,c1
2,226,819,-121082,c1
1,227,820,-121083,c1
0,228,821,-121083,c1
2,226,819,-121085,c1
9,219,812,-121094,c1
9,219,812,-121103,c1
8,220,813,-121111,c1
11,217,810,-121122,c1
6,222,815,-121128,c1
1,227,820,-121129,c1
1,227,820,-121130,c1
1,227,820,-121131,c1
2,226,819,-121133,c1
1,227,820,-121134,c1
2,226,819,-121136,c1
2,226,819,-121138,c1
1,227,820,-121139,c1
9,219,812,-121148,c1
1,227,820,-121149,c1
0,228,821,-121149,c1
0,228,821,-121149,c1
0,228,821,-121149,c1
0,228,821,-121149,c1
0,228,821,-121149,c1
10,218,811,-121159,c1
3,225,818,-121162,c1
8,220,813,-121170,c1
2,226,819,-121172,c1
0,228,821,-121172,c1
2,226,819,-121174,c1
1,227,820,-121175,c1
6,222,815,-121181,c1
0,228,821,-121181,c1
2,226,819,-121183,c1
3,225,818,-121186,c1
3,225,818,-121189,c1
1,227,820,-121190,c1
1,227,820,-121191,c1
0,228,821,-121191,c1
0,228,821,-121191,c1
5,223,816,-121196,c1
1,227,820,-121197,c1
2,226,819,-121199,c1
2,226,819,-121201,c1
5,223,816,-121206,c1
2,226,819,-121208,c1
2,226,819,-121210,c1
1,227,820,-121211,c1
1,227,820,-121212,c1
7,221,814,-121219,c1
1,227,820,-121220,c1
2,226,819,-121222,c1
0,228,821,-121222,c1
10,218,811,-121232,c1
1,227,820,-121233,c1
3,225,818,-121236,c1
0,228,821,-121236,c1
1,227,820,-121237,c1
1,227,820,-121238,c1
58,170,763,-121296,c1
1,227,820,-121297,c1
1,227,820,-121298,c1
0,228,821,-121298,c1
0,228,821,-121298,c1
4,224,817,-121302,c1
0,228,821,-121302,c1
0,228,821,-121302,c1
1,227,820,-121303,c1
3,225,818,-121306,c1
2,226,819,-121308,c1
37,191,784,-121345,c1
9,219,812,-121354,c1
1,227,820,-121355,c1
1,227,820,-121356,c1
1,227,820,-121357,c1
1,227,820,-121358,c1
8,220,813,-121366,c1
1,227,820,-121367,c1
1,227,820,-121368,c1
1,227,820,-121369,c1
1,227,820,-121370,c1
3,225,818,-121373,c1
2,226,819,-121375,c1
2,226,819,-121377,c1
3,225,818,-121380,c1
1,227,820,-121381,c1
0,228,821,-121381,c1
0,228,821,-121381,c1
0,228,821,-121381,c1
0,228,821,-121381,c1
131,97,690,-121512,c1
1,227,820,-121513,c1
1,227,820,-121514,c1
1,227,820,-121515,c1
0,228,821,-121515,c1
0,228,821,-121515,c1
0,228,821,-121515,c1
1,227,820,-121516,c1
1,227,820,-121517,c1
0,228,821,-121517,c1
0,228,821,-121517,c1
2,226,819,-121519,c1
0,228,821,-121519,c1
1,227,820,-121520,c1
5,223,816,-121525,c1
4,224,817,-121529,c1
1,227,820,-121530,c1
1,227,820,-121531,c1
3,225,818,-121534,c1
27,201,794,-121561,c1
2,226,819,-121563,c1
1,227,820,-121564,c1
2,226,819,-121566,c1
1,227,820,-121567,c1
3,225,818,-121570,c1
1,227,820,-121571,c1
2,226,819,-121573,c1
1,227,820,-121574,c1
1,227,820,-121575,c1
1,227,820,-121576,c1
2,226,819,-121578,c1
1,227,820,-121579,c1
1,227,820,-121580,c1
1,227,820,-121581,c1
1,227,820,-121582,c1
1,227,820,-121583,c1
9,219,812,-121592,c1
2,226,819,-121594,c1
2,226,819,-121596,c1
1,227,820,-121597,c1
0,228,821,-121597,c1
1,227,820,-121598,c1
1,227,820,-121599,c1
1,227,820,-121600,c1
4,224,817,-121604,c1
2,226,819,-121606,c1
12,216,809,-121618,c1
1,227,820,-121619,c1
1,227,820,-121620,c1
0,228,821,-121620,c1
1,227,820,-121621,c1
0,228,821,-121621,c1
4,224,817,-121625,c1
3,225,818,-121628,c1
1,227,820,-121629,c1
1,227,820,-121630,c1
1,227,820,-121631,c1
1,227,820,-121632,c1
1,227,820,-121633,c1
1,227,820,-121634,c1
2,226,819,-121636,c1
1,227,820,-121637,c1
1,227,820,-121638,c1
1,227,820,-121639,c1
0,228,821,-121639,c1
0,228,821,-121639,c1
1,227,820,-121640,c1
1,227,820,-121641,c1
14,214,807,-121655,c1
4,224,817,-121659,c1
2,226,819,-121661,c1
1,227,820,-121662,c1
5,223,816,-121667,c1
0,228,821,-121667,c1
1,227,820,-121668,c1
1,227,820,-121669,c1
1,227,820,-121670,c1
104,124,717,-121774,c1
0,228,821,-121774,c1
3,225,818,-121777,c1
2,226,819,-121779,c1
7,221,814,-121786,c1
1,227,820,-121787,c1
5,223,816,-121792,c1
1,227,820,-121793,c1
0,228,821,-121793,c1
0,228,821,-121793,c1
1,227,820,-121794,c1
1,227,820,-121795,c1
1,227,820,-121796,c1
1,227,820,-121797,c1
0,228,821,-121797,c1
0,228,821,-121797,c1
1,227,820,-121798,c1
0,228,821,-121798,c1
1,227,820,-121799,c1
0,228,821,-121799,c1
0,228,821,-121799,c1
0,228,821,-121799,c1
115,113,706,-121914,c1
2,226,819,-121916,c1
1,227,820,-121917,c1
1,227,820,-121918,c1
1,227,820,-121919,c1
1,227,820,-121920,c1
20,208,801,-121940,c1
1,227,820,-121941,c1
2,226,819,-121943,c1
0,228,821,-121943,c1
10,218,811,-121953,c1
0,228,821,-121953,c1
0,228,821,-121953,c1
1,227,820,-121954,c1
1,227,820,-121955,c1
1,227,820,-121956,c1
1,227,820,-121957,c1
4,224,817,-121961,c1
7,221,814,-121968,c1
0,228,821,-121968,c1
1,227,820,-121969,c1
51,177,770,-122020,c1
1,227,820,-122021,c1
7,221,814,-122028,c1
0,228,821,-122028,c1
1,227,820,-122029,c1
4,224,817,-122033,c1
0,228,821,-122033,c1
1,227,820,-122034,c1
1,227,820,-122035,c1
1,227,820,-122036,c1
1,227,820,-122037,c1
1,227,820,-122038,c1
1,227,820,-122039,c1
1,227,820,-122040,c1
1,227,820,-122041,c1
1,227,820,-122042,c1
4,224,817,-122046,c1
2,226,819,-122048,c1
3,225,818,-122051,c1
3,225,818,-122054,c1
5,223,816,-122059,c1
13,215,808,-122072,c1
1,227,820,-122073,c1
3,225,818,-122076,c1
1,227,820,-122077,c1
1,227,820,-122078,c1
3,225,818,-122081,c1
3,225,818,-122084,c1
0,228,821,-122084,c1
3,225,818,-122087,c1
0,228,821,-122087,c1
0,228,821,-122087,c1
4,224,817,-122091,c1
0,228,821,-122091,c1
1,227,820,-122092,c1
2,226,819,-122094,c1
1,227,820,-122095,c1
1,227,820,-122096,c1
1,227,820,-122097,c1
1,227,820,-122098,c1
1,227,820,-122099,c1
1,227,820,-122100,c1
1,227,820,-122101,c1
1,227,820,-122102,c1
19,209,802,-122121,c1
10,218,811,-122131,c1
0,228,821,-122131,c1
0,228,821,-122131,c1
0,228,821,-122131,c1
0,228,821,-122131,c1
1,227,820,-122132,c1
0,228,821,-122132,c1
1,227,820,-122133,c1
1,227,820,-122134,c1
2,226,819,-122136,c1
4,224,817,-122140,c1
0,228,821,-122140,c1
0,228,821,-122140,c1
4,224,817,-122144,c1
0,228,821,-122144,c1
5,223,816,-122149,c1
0,228,821,-122149,c1
0,228,821,-122149,c1
1,227,820,-122150,c1
0,228,821,-122150,c1
5,223,816,-122155,c1
1,227,820,-122156,c1
1,227,820,-122157,c1
1,227,820,-122158,c1
1,227,820,-122159,c1
2,226,819,-122161,c1
1,227,820,-122162,c1
2,226,819,-122164,c1
21,207,800,-122185,c1
2,226,819,-122187,c1
3,225,818,-122190,c1
0,228,821,-122190,c1
3,225,818,-122193,c1
5,223,816,-122198,c1
1,227,820,-122199,c1
6,222,815,-122205,c1
4,224,817,-122209,c1
7,221,814,-122216,c1
1,227,820,-122217,c1
1,227,820,-122218,c1
2,226,819,-122220,c1
0,228,821,-122220,c1
0,228,821,-122220,c1
0,228,821,-122220,c1
1,227,820,-122221,c1
1,227,820,-122222,c1
0,228,821,-122222,c1
8,220,813,-122230,c1
1,227,820,-122231,c1
3,225,818,-122234,c1
0,228,821,-122234,c1
0,228,821,-122234,c1
1,227,820,-122235,c1
0,228,821,-122235,c1
0,228,821,-122235,c1
1,227,820,-122236,c1
1,227,820,-122237,c1
1,227,820,-122238,c1
0,228,821,-122238,c1
0,228,821,-122238,c1
0,228,821,-122238,c1
2,226,819,-122240,c1
1,227,820,-122241,c1
1,227,820,-122242,c1
2,226,819,-122244,c1
25,203,796,-122269,c1
2,226,819,-122271,c1
2,226,819,-122273,c1
1,227,820,-122274,c1
2,226,819,-122276,c1
1,227,820,-122277,c1
1,227,820,-122278,c1
0,228,821,-122278,c1
5,223,816,-122283,c1
1,227,820,-122284,c1
2,226,819,-122286,c1
1,227,820,-122287,c1
1,227,820,-122288,c1
6,222,815,-122294,c1
1,227,820,-122295,c1
5,223,816,-122300,c1
0,228,821,-122300,c1
0,228,821,-122300,c1
1,227,820,-122301,c1
3,225,818,-122304,c1
1,227,820,-122305,c1
1,227,820,-122306,c1
0,228,821,-122306,c1
1,227,820,-122307,c1
0,228,821,-122307,c1
0,228,821,-122307,c1
1,227,820,-122308,c1
0,228,821,-122308,c1
0,228,821,-122308,c1
0,228,821,-122308,c1
0,228,821,-122308,c1
0,228,821,-122308,c1
0,228,821,-122308,c1
0,228,821,-122308,c1
0,228,821,-122308,c1
0,228,821,-122308,c1
4,224,817,-122312,c1
0,228,821,-122312,c1
0,228,821,-122312,c1
0,228,821,-122312,c1
0,228,821,-122312,c1
0,228,821,-122312,c1
0,228,821,-122312,c1
0,228,821,-122312,c1
0,228,821,-122312,c1
0,228,821,-122312,c1
0,228,821,-122312,c1
0,228,821,-122312,c1
0,228,821,-122312,c1
0,228,821,-122312,c1
0,228,821,-122312,c1
2,226,819,-122314,c1
1,227,820,-122315,c1
49,179,772,-122364,c1
0,228,821,-122364,c1
0,228,821,-122364,c1
0,228,821,-122364,c1
1,227,820,-122365,c1
10,218,811,-122375,c1
3,225,818,-122378,c1
6,222,815,-122384,c1
12,216,809,-122396,c1
3,225,818,-122399,c1
10,218,811,-122409,c1
0,228,821,-122409,c1
0,228,821,-122409,c1
0,228,821,-122409,c1
0,228,821,-122409,c1
1,227,820,-122410,c1
0,228,821,-122410,c1
0,228,821,-122410,c1
0,228,821,-122410,c1
0,228,821,-122410,c1
1,227,820,-122411,c1
3,225,818,-122414,c1
1,227,820,-122415,c1
1,227,820,-122416,c1
26,202,795,-122442,c1
1,227,820,-122443,c1
0,228,821,-122443,c1
1,227,820,-122444,c1
1,227,820,-122445,c1
47,181,774,-122492,c1
17,211,804,-122509,c1
1,227,820,-122510,c1
1,227,820,-122511,c1
20,208,801,-122531,c1
4,224,817,-122535,c1
1,227,820,-122536,c1
1,227,820,-122537,c1
1,227,820,-122538,c1
1,227,820,-122539,c1
1,227,820,-122540,c1
1,227,820,-122541,c1
1,227,820,-122542,c1
1,227,820,-122543,c1
2,226,819,-122545,c1
1,227,820,-122546,c1
2,226,819,-122548,c1
1,227,820,-122549,c1
0,228,821,-122549,c1
0,228,821,-122549,c1
2,226,819,-122551,c1
1,227,820,-122552,c1
10,218,811,-122562,c1
0,228,821,-122562,c1
0,228,821,-122562,c1
0,228,821,-122562,c1
2,226,819,-122564,c1
11,217,810,-122575,c1
3,225,818,-122578,c1
1,227,820,-122579,c1
1,227,820,-122580,c1
0,228,821,-122580,c1
0,228,821,-122580,c1
1,227,820,-122581,c1
9,219,812,-122590,c1
35,193,786,-122625,c1
2,226,819,-122627,c1
3,225,818,-122630,c1
2,226,819,-122632,c1
7,221,814,-122639,c1
1,227,820,-122640,c1
1,227,820,-122641,c1
11,217,810,-122652,c1
0,228,821,-122652,c1
2,226,819,-122654,c1
5,223,816,-122659,c1
1,227,820,-122660,c1
2,226,819,-122662,c1
1,227,820,-122663,c1
1,227,820,-122664,c1
1,227,820,-122665,c1
12,216,809,-122677,c1
2,226,819,-122679,c1
2,226,819,-122681,c1
214,14,607,-122895,c1
1,227,820,-122896,c1
0,228,821,-122896,c1
0,228,821,-122896,c1
0,228,821,-122896,c1
4,224,817,-122900,c1
1,227,820,-122901,c1
1,227,820,-122902,c1
1,227,820,-122903,c1
1,227,820,-122904,c1
2,226,819,-122906,c1
5,223,816,-122911,c1
1,227,820,-122912,c1
12,216,809,-122924,c1
1,227,820,-122925,c1
1,227,820,-122926,c1
2,226,819,-122928,c1
1,227,820,-122929,c1
4,224,817,-122933,c1
2,226,819,-122935,c1
3,225,818,-122938,c1
0,228,821,-122938,c1
0,228,821,-122938,c1
0,228,821,-122938,c1
0,228,821,-122938,c1
0,228,821,-122938,c1
0,228,821,-122938,c1
1,227,820,-122939,c1
0,228,821,-122939,c1
0,228,821,-122939,c1
0,228,821,-122939,c1
0,228,821,-122939,c1
1,227,820,-122940,c1
0,228,821,-122940,c1
3,225,818,-122943,c1
1,227,820,-122944,c1
0,228,821,-122944,c1
0,228,821,-122944,c1
0,228,821,-122944,c1
1,227,820,-122945,c1
0,228,821,-122945,c1
0,228,821,-122945,c1
0,228,821,-122945,c1
0,228,821,-122945,c1
2,226,819,-122947,c1
0,228,821,-122947,c1
0,228,821,-122947,c1
1,227,820,-122948,c1
0,228,821,-122948,c1
1,227,820,-122949,c1
0,228,821,-122949,c1
1,227,820,-122950,c1
2,226,819,-122952,c1
0,228,821,-122952,c1
8,220,813,-122960,c1
1,227,820,-122961,c1
0,228,821,-122961,c1
6,222,815,-122967,c1
13,215,808,-122980,c1
1,227,820,-122981,c1
1,227,820,-122982,c1
1,227,820,-122983,c1
10,218,811,-122993,c1
26,202,795,-123019,c1
0,228,821,-123019,c1
1,227,820,-123020,c1
0,228,821,-123020,c1
26,202,795,-123046,c1
6,222,815,-123052,c1
0,228,821,-123052,c1
1,227,820,-123053,c1
1,227,820,-123054,c1
1,227,820,-123055,c1
1,227,820,-123056,c1
0,228,821,-123056,c1
0,228,821,-123056,c1
3,225,818,-123059,c1
1,227,820,-123060,c1
1,227,820,-123061,c1
9,219,812,-123070,c1
3,225,818,-123073,c1
1,227,820,-123074,c1
2,226,819,-123076,c1
4,224,817,-123080,c1
7,221,814,-123087,c1
2,226,819,-123089,c1
1,227,820,-123090,c1
1,227,820,-123091,c1
1,227,820,-123092,c1
2,226,819,-123094,c1
1,227,820,-123095,c1
0,228,821,-123095,c1
1,227,820,-123096,c1
1,227,820,-123097,c1
3,225,818,-123100,c1
1,227,820,-123101,c1
1,227,820,-123102,c1
1,227,820,-123103,c1
8,220,813,-123111,c1
4,224,817,-123115,c1
0,228,821,-123115,c1
0,228,821,-123115,c1
0,228,821,-123115,c1
0,228,821,-123115,c1
1,227,820,-123116,c1
0,228,821,-123116,c1
3,225,818,-123119,c1
4,224,817,-123123,c1
0,228,821,-123123,c1
1,227,820,-123124,c1
1,227,820,-123125,c1
62,166,759,-123187,c1
0,228,821,-123187,c1
1,227,820,-123188,c1
0,228,821,-123188,c1
1,227,820,-123189,c1
11,217,810,-123200,c1
6,222,815,-123206,c1
62,166,759,-123268,c1
1,227,820,-123269,c1
3,225,818,-123272,c1
0,228,821,-123272,c1
1,227,820,-123273,c1
4,224,817,-123277,c1
103,125,718,-123380,c1
1,227,820,-123381,c1
6,222,815,-123387,c1
4,224,817,-123391,c1
1,227,820,-123392,c1
0,228,821,-123392,c1
1,227,820,-123393,c1
1,227,820,-123394,c1
0,228,821,-123394,c1
3,225,818,-123397,c1
6,222,815,-123403,c1
1,227,820,-123404,c1
1,227,820,-123405,c1
1,227,820,-123406,c1
0,228,821,-123406,c1
1,227,820,-123407,c1
2,226,819,-123409,c1
1,227,820,-123410,c1
1,227,820,-123411,c1
1,227,820,-123412,c1
1,227,820,-123413,c1
1,227,820,-123414,c1
1,227,820,-123415,c1
3,225,818,-123418,c1
1,227,820,-123419,c1
1,227,820,-123420,c1
1,227,820,-123421,c1
0,228,821,-123421,c1
1,227,820,-123422,c1
1,227,820,-123423,c1
21,207,800,-123444,c1
1,227,820,-123445,c1
1,227,820,-123446,c1
7,221,814,-123453,c1
0,228,821,-123453,c1
0,228,821,-123453,c1
0,228,821,-123453,c1
0,228,821,-123453,c1
4,224,817,-123457,c1
4,224,817,-123461,c1
2,226,819,-123463,c1
1,227,820,-123464,c1
1,227,820,-123465,c1
29,199,792,-123494,c1
7,221,814,-123501,c1
1,227,820,-123502,c1
2,226,819,-123504,c1
1,227,820,-123505,c1
2,226,819,-123507,c1
6,222,815,-123513,c1
14,214,807,-123527,c1
13,215,808,-123540,c1
4,224,817,-123544,c1
0,228,821,-123544,c1
0,228,821,-123544,c1
5,223,816,-123549,c1
0,228,821,-123549,c1
15,213,806,-123564,c1
2,226,819,-123566,c1
1,227,820,-123567,c1
1,227,820,-123568,c1
1,227,820,-123569,c1
1,227,820,-123570,c1
1,227,820,-123571,c1
6,222,815,-123577,c1
1,227,820,-123578,c1
0,228,821,-123578,c1
0,228,821,-123578,c1
1,227,820,-123579,c1
17,211,804,-123596,c1
1,227,820,-123597,c1
7,221,814,-123604,c1
9,219,812,-123613,c1
1,227,820,-123614,c1
11,217,810,-123625,c1
1,227,820,-123626,c1
1,227,820,-123627,c1
5,223,816,-123632,c1
1,227,820,-123633,c1
1,227,820,-123634,c1
2,226,819,-123636,c1
0,228,821,-123636,c1
0,228,821,-123636,c1
1,227,820,-123637,c1
1,227,820,-123638,c1
1,227,820,-123639,c1
1,227,820,-123640,c1
17,211,804,-123657,c1
1,227,820,-123658,c1
1,227,820,-123659,c1
0,228,821,-123659,c1
1,227,820,-123660,c1
2,226,819,-123662,c1
1,227,820,-123663,c1
1,227,820,-123664,c1
1,227,820,-123665,c1
1,227,820,-123666,c1
1,227,820,-123667,c1
1,227,820,-123668,c1
2,226,819,-123670,c1
1,227,820,-123671,c1
1,227,820,-123672,c1
0,228,821,-123672,c1
0,228,821,-123672,c1
0,228,821,-123672,c1
0,228,821,-123672,c1
3,225,818,-123675,c1
0,228,821,-123675,c1
0,228,821,-123675,c1
0,228,821,-123675,c1
0,228,821,-123675,c1
0,228,821,-123675,c1
1,227,820,-123676,c1
1,227,820,-123677,c1
1,227,820,-123678,c1
1,227,820,-123679,c1
1,227,820,-123680,c1
1,227,820,-123681,c1
0,228,821,-123681,c1
1,227,820,-123682,c1
1,227,820,-123683,c1
31,197,790,-123714,c1
2,226,819,-123716,c1
1,227,820,-123717,c1
1,227,820,-123718,c1
1,227,820,-123719,c1
1,227,820,-123720,c1
0,228,821,-123720,c1
0,228,821,-123720,c1
14,214,807,-123734,c1
0,228,821,-123734,c1
0,228,821,-123734,c1
0,228,821,-123734,c1
1,227,820,-123735,c1
1,227,820,-123736,c1
0,228,821,-123736,c1
1,227,820,-123737,c1
1,227,820,-123738,c1
1,227,820,-123739,c1
0,228,821,-123739,c1
0,228,821,-123739,c1
11,217,810,-123750,c1
5,223,816,-123755,c1
0,228,821,-123755,c1
0,228,821,-123755,c1
0,228,821,-123755,c1
0,228,821,-123755,c1
1,227,820,-123756,c1
1,227,820,-123757,c1
1,227,820,-123758,c1
40,188,781,-123798,c1
1,227,820,-123799,c1
4,224,817,-123803,c1
1,227,820,-123804,c1
1,227,820,-123805,c1
1,227,820,-123806,c1
1,227,820,-123807,c1
1,227,820,-123808,c1
1,227,820,-123809,c1
1,227,820,-123810,c1
10,218,811,-123820,c1
1,227,820,-123821,c1
1,227,820,-123822,c1
12,216,809,-123834,c1
3,225,818,-123837,c1
1,227,820,-123838,c1
5,223,816,-123843,c1
3,225,818,-123846,c1
25,203,796,-123871,c1
2,226,819,-123873,c1
1,227,820,-123874,c1
1,227,820,-123875,c1
1,227,820,-123876,c1
1,227,820,-123877,c1
1,227,820,-123878,c1
1,227,820,-123879,c1
1,227,820,-123880,c1
3,225,818,-123883,c1
1,227,820,-123884,c1
2,226,819,-123886,c1
8,220,813,-123894,c1
3,225,818,-123897,c1
1,227,820,-123898,c1
7,221,814,-123905,c1
0,228,821,-123905,c1
0,228,821,-123905,c1
0,228,821,-123905,c1
3,225,818,-123908,c1
0,228,821,-123908,c1
1,227,820,-123909,c1
1,227,820,-123910,c1
1,227,820,-123911,c1
1,227,820,-123912,c1
0,228,821,-123912,c1
0,228,821,-123912,c1
0,228,821,-123912,c1
0,228,821,-123912,c1
1,227,820,-123913,c1
